NODE-POSITION 	P1	P2	NAM2	NAM1	CB	TB	SC	EC
NODE_1_length_7228_cov_79.729471-4602	1.00	1.00	1.00	0.97	1.00	0.94	1.00	1.00
NODE_101977_length_877_cov_102.001182-552	0.63	0.79	0.63	0.53	0.59	0.67	0.53	0.65
NODE_102021_length_877_cov_23.721040-32	0.51	0.65	0.72	0.73	0.75	0.82	0.71	0.66
NODE_102021_length_877_cov_23.721040-33	1.00	0.87	0.94	0.96	0.92	0.89	0.74	0.85
NODE_102760_length_874_cov_165.561091-503	0.75	0.59	0.71	0.77	0.87	0.82	0.96	0.66
NODE_10341_length_1784_cov_216.930405-738	1.00	0.94	0.84	0.79	0.94	0.92	1.00	1.00
NODE_10341_length_1784_cov_216.930405-740	0.92	0.89	0.79	0.92	0.88	0.85	0.91	1.00
NODE_10341_length_1784_cov_216.930405-746	0.65	0.89	0.75	0.92	0.66	0.75	0.84	1.00
NODE_10341_length_1784_cov_216.930405-794	0.73	0.71	0.53	0.57	0.74	0.76	0.86	0.53
NODE_10341_length_1784_cov_216.930405-875	0.91	0.93	0.92	0.84	0.97	0.91	0.93	0.68
NODE_105972_length_862_cov_160.125150-365	0.98	0.73	0.91	0.91	0.87	0.86	0.74	0.83
NODE_105972_length_862_cov_160.125150-430	0.71	0.58	0.85	0.89	0.89	0.83	0.82	0.89
NODE_105972_length_862_cov_160.125150-450	0.58	0.92	0.77	0.66	0.79	0.70	0.69	0.61
NODE_105972_length_862_cov_160.125150-456	0.70	0.97	0.92	0.78	0.93	0.85	0.78	0.83
NODE_107609_length_856_cov_87.985455-126	0.79	0.74	0.58	0.71	0.80	0.88	0.67	0.87
NODE_107609_length_856_cov_87.985455-169	0.79	0.86	0.65	0.76	0.91	0.94	0.67	0.90
NODE_107609_length_856_cov_87.985455-170	0.79	0.86	0.65	0.75	0.91	0.94	0.70	0.90
NODE_107609_length_856_cov_87.985455-186	0.79	0.82	0.64	0.77	0.91	0.90	0.68	0.90
NODE_107609_length_856_cov_87.985455-195	0.79	0.78	0.59	0.73	0.84	0.90	0.69	0.87
NODE_107904_length_855_cov_90.373786-113	1.00	1.00	0.92	0.77	0.97	1.00	0.95	1.00
NODE_107904_length_855_cov_90.373786-141	1.00	1.00	0.90	0.76	0.97	1.00	1.00	1.00
NODE_107904_length_855_cov_90.373786-49	1.00	0.95	0.89	0.75	0.94	1.00	0.87	0.98
NODE_107904_length_855_cov_90.373786-59	1.00	1.00	0.79	0.70	0.94	1.00	0.95	0.98
NODE_11_length_4875_cov_80.783650-1967	0.69	0.68	0.56	0.62	0.62	0.50	0.84	0.67
NODE_11_length_4875_cov_80.783650-1976	1.00	1.00	1.00	0.96	1.00	0.96	0.94	0.98
NODE_11_length_4875_cov_80.783650-2034	0.56	0.61	0.53	0.79	0.57	0.67	0.59	0.51
NODE_11034_length_1757_cov_61.497683-742	0.82	0.83	0.71	0.83	0.89	0.66	0.59	0.85
NODE_111379_length_843_cov_161.725369-105	1.00	0.93	0.94	0.82	0.95	0.83	0.88	0.93
NODE_111379_length_843_cov_161.725369-109	0.60	0.59	0.64	0.71	0.59	0.71	0.56	0.93
NODE_111379_length_843_cov_161.725369-41	0.87	1.00	0.89	0.80	0.76	0.72	0.80	0.67
NODE_111379_length_843_cov_161.725369-76	0.65	0.87	0.94	0.96	0.85	0.96	0.90	1.00
NODE_11163_length_1753_cov_99.045296-572	0.59	0.71	0.83	0.54	0.59	0.65	0.55	0.74
NODE_111942_length_841_cov_168.340741-184	1.00	0.94	1.00	0.99	0.81	1.00	1.00	1.00
NODE_112530_length_839_cov_100.089109-313	0.76	0.86	0.52	0.84	0.68	0.63	0.94	0.71
NODE_114641_length_832_cov_208.397004-379	0.86	0.96	0.78	1.00	0.88	1.00	0.79	0.78
NODE_114642_length_832_cov_134.187266-753	0.79	1.00	1.00	0.97	1.00	1.00	1.00	1.00
NODE_11655_length_1736_cov_265.732551-1496	0.96	0.71	1.00	0.66	0.96	0.95	0.84	0.94
NODE_11655_length_1736_cov_265.732551-1525	0.95	0.66	0.96	0.63	0.96	0.94	0.85	0.93
NODE_11655_length_1736_cov_265.732551-1527	0.96	0.64	1.00	0.64	0.96	0.94	0.85	0.93
NODE_11899_length_1727_cov_185.188090-1104	0.86	0.97	1.00	0.94	0.92	0.84	0.93	0.74
NODE_119258_length_817_cov_131.529262-601	0.75	0.95	1.00	1.00	1.00	0.89	0.79	0.81
NODE_119258_length_817_cov_131.529262-630	0.75	1.00	1.00	1.00	1.00	0.89	0.79	0.83
NODE_119258_length_817_cov_131.529262-637	0.93	0.83	0.53	0.77	0.84	0.78	0.79	0.84
NODE_119258_length_817_cov_131.529262-643	0.80	0.82	1.00	0.91	0.86	0.74	0.84	0.96
NODE_119258_length_817_cov_131.529262-658	0.80	0.83	1.00	0.91	0.88	0.71	0.86	0.96
NODE_119258_length_817_cov_131.529262-672	0.73	1.00	1.00	1.00	1.00	0.89	0.79	0.84
NODE_119258_length_817_cov_131.529262-675	0.53	0.82	1.00	0.90	0.87	0.63	0.63	0.80
NODE_11982_length_1724_cov_76.274070-1651	0.88	0.89	0.93	0.74	0.87	0.91	0.83	1.00
NODE_11982_length_1724_cov_76.274070-1684	0.90	0.90	0.91	0.69	0.90	0.90	0.84	1.00
NODE_11982_length_1724_cov_76.274070-1696	0.82	0.90	0.98	0.93	0.75	0.96	0.97	0.98
NODE_11982_length_1724_cov_76.274070-1707	0.68	0.71	0.88	0.76	0.53	0.79	0.84	1.00
NODE_121795_length_809_cov_93.249357-335	1.00	0.93	1.00	1.00	0.81	0.97	0.94	0.90
NODE_1273_length_2643_cov_100.385528-1696	0.60	0.53	0.56	0.54	0.54	0.52	0.85	0.55
NODE_1273_length_2643_cov_100.385528-1711	1.00	0.96	1.00	1.00	1.00	0.97	1.00	1.00
NODE_1273_length_2643_cov_100.385528-1717	0.71	0.91	0.90	0.84	0.64	0.73	0.63	0.73
NODE_1273_length_2643_cov_100.385528-1731	0.88	0.70	0.88	0.84	0.84	0.90	0.95	0.83
NODE_1273_length_2643_cov_100.385528-1732	0.88	0.96	1.00	0.95	0.77	0.90	0.86	0.91
NODE_1273_length_2643_cov_100.385528-1777	0.95	1.00	1.00	0.90	0.92	0.96	1.00	1.00
NODE_1273_length_2643_cov_100.385528-1809	0.90	0.88	1.00	0.95	0.90	0.90	0.74	0.89
NODE_1273_length_2643_cov_100.385528-1850	0.65	0.59	0.84	0.67	0.52	0.61	0.50	0.50
NODE_1273_length_2643_cov_100.385528-1865	0.53	0.73	0.55	0.77	0.81	0.70	0.73	0.68
NODE_12757_length_1699_cov_70.287770-1021	0.55	0.88	0.71	0.65	0.73	0.79	0.51	0.68
NODE_12757_length_1699_cov_70.287770-1049	0.65	0.78	0.52	0.61	0.59	0.65	0.60	0.61
NODE_12757_length_1699_cov_70.287770-1087	0.63	0.91	0.77	0.78	0.84	0.81	0.57	0.84
NODE_129104_length_787_cov_214.275132-233	0.73	0.63	0.89	0.55	0.66	0.52	0.56	0.61
NODE_129104_length_787_cov_214.275132-246	0.67	0.59	0.89	0.57	0.65	0.51	0.52	0.63
NODE_129104_length_787_cov_214.275132-281	0.93	1.00	0.78	0.95	0.80	0.97	0.90	0.88
NODE_129104_length_787_cov_214.275132-722	0.53	0.77	0.57	0.61	0.59	0.58	0.66	0.61
NODE_130109_length_784_cov_181.231076-533	0.69	0.87	0.87	0.88	0.96	0.88	0.95	0.82
NODE_130109_length_784_cov_181.231076-541	0.63	0.61	0.79	0.73	0.80	0.79	0.92	0.61
NODE_132844_length_776_cov_339.489933-72	0.97	0.95	0.98	0.91	0.75	0.93	0.96	0.96
NODE_1343_length_2622_cov_81.734851-130	1.00	1.00	1.00	0.93	0.97	1.00	0.93	1.00
NODE_1343_length_2622_cov_81.734851-243	1.00	1.00	1.00	0.95	0.98	0.98	0.98	0.97
NODE_1343_length_2622_cov_81.734851-248	1.00	0.89	0.83	0.83	0.85	0.89	0.73	0.85
NODE_1343_length_2622_cov_81.734851-255	1.00	1.00	0.98	1.00	1.00	0.95	1.00	0.97
NODE_1343_length_2622_cov_81.734851-262	1.00	0.95	0.94	0.93	0.91	0.93	1.00	0.90
NODE_1343_length_2622_cov_81.734851-263	0.95	1.00	0.97	0.96	1.00	0.96	1.00	1.00
NODE_138865_length_759_cov_113.542582-714	0.89	0.66	0.84	0.75	0.86	0.88	0.95	0.87
NODE_138865_length_759_cov_113.542582-728	0.78	0.86	0.60	0.72	0.71	0.65	0.53	0.61
NODE_139945_length_756_cov_118.508966-197	0.85	0.91	0.88	0.80	0.96	0.95	1.00	0.95
NODE_142434_length_749_cov_199.451253-504	0.79	1.00	0.94	0.90	0.94	0.80	0.73	0.74
NODE_142434_length_749_cov_199.451253-539	0.83	1.00	0.94	0.93	0.84	0.78	0.82	0.82
NODE_14502_length_1647_cov_86.774752-1316	1.00	0.93	0.80	0.77	0.80	0.74	0.85	0.96
NODE_14502_length_1647_cov_86.774752-1362	0.52	0.53	0.72	0.63	0.82	0.51	0.75	0.79
NODE_14502_length_1647_cov_86.774752-1372	0.96	0.97	0.94	1.00	1.00	1.00	0.98	0.77
NODE_14502_length_1647_cov_86.774752-1374	0.60	0.56	0.72	0.60	0.80	0.58	0.76	0.90
NODE_14504_length_1647_cov_60.562500-682	0.92	0.92	1.00	0.86	0.92	1.00	0.96	0.74
NODE_14504_length_1647_cov_60.562500-687	0.93	0.94	1.00	0.87	0.87	1.00	0.97	0.77
NODE_14504_length_1647_cov_60.562500-780	0.89	0.96	1.00	0.85	0.86	0.95	0.96	0.76
NODE_148606_length_733_cov_261.062678-384	0.96	0.88	0.87	0.92	0.92	0.93	1.00	0.78
NODE_148606_length_733_cov_261.062678-394	0.96	0.92	0.97	0.86	0.87	0.82	1.00	1.00
NODE_15056_length_1632_cov_175.382261-214	0.94	0.63	0.95	0.83	0.81	0.94	0.83	0.94
NODE_15056_length_1632_cov_175.382261-231	0.82	1.00	0.95	0.87	1.00	0.91	0.92	0.64
NODE_15056_length_1632_cov_175.382261-242	0.94	0.64	0.92	0.85	0.80	0.93	0.84	0.94
NODE_15056_length_1632_cov_175.382261-300	0.81	0.95	0.89	0.84	0.96	0.88	0.86	0.70
NODE_15215_length_1628_cov_95.003131-134	0.89	0.95	0.85	0.96	0.83	0.98	0.67	0.87
NODE_15215_length_1628_cov_95.003131-138	0.94	0.98	0.89	0.99	0.86	0.98	0.67	0.92
NODE_15215_length_1628_cov_95.003131-140	0.94	0.95	0.90	0.98	0.89	0.95	0.70	0.95
NODE_15215_length_1628_cov_95.003131-144	0.94	0.95	0.97	0.99	0.93	0.98	0.68	0.92
NODE_152811_length_722_cov_500.311143-465	0.54	0.56	0.63	0.84	0.61	0.69	0.65	0.71
NODE_153213_length_721_cov_74.211594-111	0.94	1.00	0.87	0.97	0.86	0.91	0.94	0.74
NODE_153213_length_721_cov_74.211594-123	0.93	1.00	0.87	0.97	0.85	0.91	0.94	0.72
NODE_153213_length_721_cov_74.211594-124	1.00	0.95	0.96	0.97	0.89	0.91	0.74	0.95
NODE_153213_length_721_cov_74.211594-77	0.93	1.00	0.89	0.97	0.86	0.93	0.94	0.72
NODE_15524_length_1620_cov_418.733795-1118	1.00	0.91	0.82	0.79	0.78	0.92	0.92	0.74
NODE_15524_length_1620_cov_418.733795-1164	0.86	0.86	0.64	0.67	0.73	0.78	0.86	0.56
NODE_15664_length_1616_cov_126.280126-956	0.52	0.57	0.56	0.55	0.57	0.74	0.50	0.68
NODE_157795_length_710_cov_149.086892-131	0.89	0.73	0.77	0.82	0.82	0.86	1.00	0.91
NODE_157795_length_710_cov_149.086892-58	1.00	0.85	0.79	0.93	0.81	0.95	1.00	1.00
NODE_157795_length_710_cov_149.086892-65	0.91	0.78	0.85	0.85	0.88	0.88	1.00	0.92
NODE_157795_length_710_cov_149.086892-74	1.00	0.90	0.79	0.94	0.76	0.97	0.84	1.00
NODE_157795_length_710_cov_149.086892-8	0.90	0.95	0.89	0.80	0.89	0.95	1.00	0.84
NODE_159059_length_707_cov_515.363905-61	0.77	0.58	0.61	0.72	0.54	0.73	0.74	0.84
NODE_159059_length_707_cov_515.363905-74	0.96	0.85	0.53	0.84	0.72	0.93	0.85	1.00
NODE_16169_length_1603_cov_158.297710-744	0.60	0.75	0.64	0.90	0.67	0.71	0.59	0.78
NODE_16295_length_1600_cov_195.349904-460	0.56	0.58	0.83	0.55	0.55	0.63	0.60	0.61
NODE_16295_length_1600_cov_195.349904-463	0.81	0.88	0.90	0.87	0.81	1.00	0.95	0.89
NODE_16339_length_1599_cov_27.389031-1161	0.77	0.89	0.75	0.87	0.88	1.00	0.79	0.92
NODE_16530_length_1594_cov_180.964811-276	0.87	0.80	0.60	0.69	0.59	0.77	0.79	0.73
NODE_16530_length_1594_cov_180.964811-376	0.75	0.85	0.80	0.76	0.81	0.74	0.91	1.00
NODE_16530_length_1594_cov_180.964811-379	0.71	0.61	0.86	0.81	1.00	0.82	0.86	0.75
NODE_16530_length_1594_cov_180.964811-384	0.67	0.60	0.83	0.78	1.00	0.77	0.86	0.71
NODE_17007_length_1582_cov_77.525467-593	1.00	0.82	0.95	0.93	0.89	1.00	1.00	0.79
NODE_17007_length_1582_cov_77.525467-693	0.83	1.00	1.00	0.92	0.90	0.76	0.97	1.00
NODE_171_length_3466_cov_139.273945-407	1.00	1.00	1.00	0.99	0.98	1.00	0.97	1.00
NODE_171_length_3466_cov_139.273945-418	1.00	0.94	1.00	1.00	0.97	1.00	1.00	1.00
NODE_171_length_3466_cov_139.273945-421	1.00	1.00	1.00	1.00	0.95	1.00	1.00	1.00
NODE_171_length_3466_cov_139.273945-422	0.69	0.91	0.79	0.77	0.74	0.79	0.86	0.72
NODE_171_length_3466_cov_139.273945-524	0.87	0.76	0.69	0.65	0.84	0.70	0.50	0.70
NODE_171_length_3466_cov_139.273945-555	0.95	0.77	0.72	0.69	0.85	0.63	0.61	0.65
NODE_171_length_3466_cov_139.273945-567	0.89	0.78	0.70	0.59	0.80	0.59	0.54	0.68
NODE_171_length_3466_cov_139.273945-594	0.95	0.91	0.76	0.68	0.82	0.76	0.66	0.74
NODE_171_length_3466_cov_139.273945-603	0.90	0.79	0.76	0.60	0.84	0.65	0.56	0.67
NODE_171_length_3466_cov_139.273945-606	0.95	0.83	0.94	0.86	1.00	0.86	0.80	0.85
NODE_171_length_3466_cov_139.273945-651	0.76	0.83	0.66	0.56	0.64	0.67	0.57	0.62
NODE_171_length_3466_cov_139.273945-652	1.00	1.00	1.00	1.00	0.95	1.00	0.96	1.00
NODE_171_length_3466_cov_139.273945-656	0.56	0.53	0.69	0.86	0.55	0.62	0.64	0.75
NODE_171_length_3466_cov_139.273945-667	0.80	0.88	1.00	0.81	0.81	0.97	0.89	0.89
NODE_171_length_3466_cov_139.273945-669	0.95	0.79	1.00	0.87	1.00	0.83	0.87	0.84
NODE_171_length_3466_cov_139.273945-672	0.95	0.77	1.00	0.85	1.00	0.83	0.89	0.86
NODE_17555_length_1569_cov_103.504551-1307	1.00	0.76	0.79	0.88	0.93	0.96	0.82	1.00
NODE_17555_length_1569_cov_103.504551-1347	1.00	0.81	0.89	0.95	0.97	0.96	0.79	1.00
NODE_17555_length_1569_cov_103.504551-1482	0.82	0.87	1.00	0.89	0.78	0.98	0.89	0.98
NODE_176377_length_668_cov_234.266876-174	0.89	0.57	0.87	0.81	0.75	0.94	0.81	0.80
NODE_176377_length_668_cov_234.266876-188	0.91	0.93	0.76	0.94	0.90	0.96	1.00	0.95
NODE_176377_length_668_cov_234.266876-254	0.87	0.72	0.95	1.00	0.89	0.86	0.95	0.92
NODE_177302_length_666_cov_227.836220-398	0.93	0.95	0.90	0.82	0.76	0.90	0.95	1.00
NODE_177302_length_666_cov_227.836220-416	0.64	0.76	0.79	0.88	0.85	0.71	0.86	0.97
NODE_180253_length_660_cov_691.302067-287	0.66	0.54	0.60	0.65	0.80	0.52	0.64	0.67
NODE_181211_length_658_cov_119.277512-24	0.76	0.90	0.91	0.79	0.89	0.87	1.00	0.83
NODE_181211_length_658_cov_119.277512-40	1.00	0.88	0.74	0.90	0.95	0.92	0.95	0.89
NODE_181211_length_658_cov_119.277512-594	0.51	0.54	0.54	0.90	0.55	0.54	0.88	0.83
NODE_181211_length_658_cov_119.277512-61	0.72	0.51	0.59	0.58	0.62	0.54	0.66	0.62
NODE_181211_length_658_cov_119.277512-65	1.00	0.85	1.00	0.91	1.00	1.00	0.90	0.79
NODE_181211_length_658_cov_119.277512-80	1.00	0.91	0.74	0.91	0.95	0.94	0.95	0.90
NODE_181726_length_657_cov_164.563898-620	0.78	0.66	0.81	0.84	0.72	0.96	0.93	0.88
NODE_181726_length_657_cov_164.563898-628	0.85	0.90	0.91	0.82	0.97	1.00	0.77	0.76
NODE_181726_length_657_cov_164.563898-631	0.89	0.95	1.00	0.88	0.97	1.00	0.80	0.83
NODE_181726_length_657_cov_164.563898-635	0.85	1.00	1.00	0.89	0.90	0.77	1.00	1.00
NODE_182657_length_655_cov_58.977564-10	0.97	0.67	0.91	0.91	0.94	0.85	0.93	0.94
NODE_182657_length_655_cov_58.977564-62	0.77	0.67	0.70	0.68	0.64	0.55	0.69	0.58
NODE_1862_length_2486_cov_112.791853-760	0.97	1.00	1.00	1.00	0.97	0.97	0.98	1.00
NODE_1862_length_2486_cov_112.791853-834	1.00	1.00	1.00	1.00	0.98	1.00	1.00	0.96
NODE_1862_length_2486_cov_112.791853-929	0.90	0.79	0.87	0.88	1.00	0.96	0.86	0.87
NODE_18687_length_1544_cov_210.148050-693	1.00	0.82	0.87	0.75	0.85	0.84	0.87	0.84
NODE_18687_length_1544_cov_210.148050-780	0.81	1.00	0.90	0.73	0.94	0.80	0.90	0.86
NODE_18687_length_1544_cov_210.148050-829	0.91	0.94	0.94	0.71	0.93	0.98	0.94	0.87
NODE_18687_length_1544_cov_210.148050-844	0.89	0.94	0.94	0.71	0.93	0.98	0.92	0.87
NODE_18687_length_1544_cov_210.148050-850	0.85	0.94	0.89	0.70	0.93	0.98	0.92	0.88
NODE_18687_length_1544_cov_210.148050-875	0.89	0.94	0.94	0.72	0.93	0.98	0.92	0.88
NODE_18687_length_1544_cov_210.148050-877	0.85	0.94	0.94	0.72	0.93	0.98	0.92	0.87
NODE_18687_length_1544_cov_210.148050-891	0.67	0.81	0.81	0.66	0.95	0.84	0.73	0.81
NODE_187542_length_645_cov_257.721498-484	0.96	0.78	1.00	1.00	0.73	0.86	0.87	0.95
NODE_187542_length_645_cov_257.721498-524	0.96	0.78	1.00	1.00	0.76	0.87	0.86	1.00
NODE_19055_length_1536_cov_37.418605-1334	0.94	0.94	0.70	0.82	0.79	0.92	0.67	0.86
NODE_1913_length_2475_cov_75.824059-152	0.95	0.93	0.96	0.94	0.91	0.96	0.92	0.90
NODE_1913_length_2475_cov_75.824059-462	0.93	0.93	0.93	0.83	0.90	0.95	0.91	0.94
NODE_1913_length_2475_cov_75.824059-62	0.83	0.89	0.78	0.86	0.88	0.83	0.93	0.93
NODE_1913_length_2475_cov_75.824059-84	0.97	0.92	0.93	0.75	0.98	0.93	0.88	0.98
NODE_192426_length_635_cov_175.461921-501	1.00	1.00	0.85	0.95	1.00	0.95	0.77	0.88
NODE_192939_length_634_cov_168.063018-488	0.71	0.84	0.86	0.92	0.95	0.97	0.80	0.94
NODE_192939_length_634_cov_168.063018-492	0.72	0.85	0.86	0.90	0.95	0.96	0.78	0.91
NODE_192939_length_634_cov_168.063018-508	0.96	0.92	0.96	0.92	1.00	0.80	0.93	0.92
NODE_192939_length_634_cov_168.063018-543	0.87	0.60	0.88	0.83	0.72	0.94	0.90	0.80
NODE_19325_length_1530_cov_243.645764-207	0.97	1.00	1.00	1.00	0.97	0.98	0.98	0.75
NODE_194348_length_631_cov_307.088333-284	0.88	0.53	0.68	0.82	0.77	0.86	0.70	0.69
NODE_194348_length_631_cov_307.088333-286	0.75	0.97	0.99	0.94	0.96	0.94	0.93	0.91
NODE_19438_length_1528_cov_105.758851-1318	0.54	0.87	0.54	0.64	0.51	0.57	0.64	0.59
NODE_2_length_6501_cov_56.434467-5988	0.80	0.97	0.94	0.83	0.86	0.95	1.00	0.81
NODE_2_length_6501_cov_56.434467-6000	0.80	0.97	0.94	0.83	0.86	0.95	1.00	0.79
NODE_2_length_6501_cov_56.434467-6003	0.79	0.89	0.94	0.77	0.79	0.59	0.81	0.93
NODE_2_length_6501_cov_56.434467-6014	0.73	0.89	0.94	0.84	0.79	0.62	0.84	0.93
NODE_20150_length_1514_cov_181.022927-496	0.87	0.79	1.00	0.86	0.95	0.92	0.80	0.88
NODE_2029_length_2448_cov_39.065784-105	0.87	0.93	0.84	0.91	0.89	0.81	0.94	0.90
NODE_2037_length_2447_cov_27.972682-1439	1.00	0.94	0.76	0.93	0.93	1.00	0.93	0.92
NODE_20480_length_1507_cov_37.660569-741	1.00	0.89	0.91	0.92	0.87	0.90	0.83	0.72
NODE_2091_length_2435_cov_105.779534-1354	0.50	0.66	0.58	0.59	0.58	0.57	0.53	0.67
NODE_2091_length_2435_cov_105.779534-1399	0.97	0.95	1.00	1.00	1.00	1.00	0.96	1.00
NODE_2091_length_2435_cov_105.779534-2315	1.00	1.00	1.00	1.00	1.00	0.98	1.00	0.95
NODE_2091_length_2435_cov_105.779534-2323	0.79	0.76	0.88	0.72	0.74	0.84	0.91	0.74
NODE_2091_length_2435_cov_105.779534-2334	0.97	1.00	1.00	1.00	1.00	0.97	1.00	1.00
NODE_2091_length_2435_cov_105.779534-2369	0.82	0.87	0.87	0.65	0.78	0.92	0.92	0.83
NODE_2091_length_2435_cov_105.779534-2417	0.81	0.74	0.82	0.55	0.82	0.87	0.95	0.73
NODE_211781_length_596_cov_710.546903-320	0.84	0.86	0.85	0.74	0.75	0.65	0.87	0.95
NODE_212836_length_594_cov_77.472469-473	0.79	0.90	1.00	1.00	0.81	0.88	0.95	0.89
NODE_213857_length_592_cov_367.185383-33	0.94	1.00	1.00	0.85	0.81	0.95	0.91	0.80
NODE_213857_length_592_cov_367.185383-34	0.94	1.00	1.00	0.85	0.84	0.95	0.91	0.80
NODE_213857_length_592_cov_367.185383-564	0.55	0.85	0.64	0.63	0.79	0.86	0.65	0.58
NODE_214380_length_591_cov_197.701786-118	0.90	0.87	0.85	0.95	0.95	0.78	1.00	0.91
NODE_214380_length_591_cov_197.701786-197	0.96	0.86	0.88	0.88	0.94	0.67	0.86	0.91
NODE_2157_length_2423_cov_22.706104-101	1.00	1.00	0.89	0.97	1.00	1.00	1.00	0.95
NODE_2157_length_2423_cov_22.706104-127	1.00	0.86	0.89	0.95	0.93	0.97	0.93	0.90
NODE_2157_length_2423_cov_22.706104-128	0.78	0.81	0.82	0.90	0.89	0.79	0.78	1.00
NODE_2157_length_2423_cov_22.706104-130	1.00	1.00	1.00	1.00	0.96	1.00	1.00	0.95
NODE_2157_length_2423_cov_22.706104-138	0.93	0.95	1.00	0.96	0.89	0.92	0.97	0.93
NODE_2157_length_2423_cov_22.706104-46	0.66	0.61	0.67	0.58	0.57	0.67	0.64	0.54
NODE_2157_length_2423_cov_22.706104-97	1.00	1.00	0.78	0.92	0.88	0.93	0.93	0.95
NODE_2163_length_2422_cov_349.309494-358	0.67	0.60	0.80	0.54	0.69	0.91	0.66	0.67
NODE_2163_length_2422_cov_349.309494-46	1.00	0.94	1.00	1.00	1.00	0.91	0.97	1.00
NODE_2163_length_2422_cov_349.309494-65	0.89	1.00	0.96	1.00	0.82	0.96	1.00	0.96
NODE_2163_length_2422_cov_349.309494-72	1.00	0.94	0.98	1.00	1.00	0.96	1.00	1.00
NODE_216515_length_587_cov_994.142086-15	0.84	0.61	0.86	0.87	0.92	0.80	0.72	0.86
NODE_216515_length_587_cov_994.142086-52	0.78	0.63	0.84	0.94	0.86	0.80	0.70	0.83
NODE_217056_length_586_cov_648.068468-346	0.71	0.59	0.84	0.51	0.75	0.83	0.86	0.77
NODE_217057_length_586_cov_222.236036-346	0.74	0.68	0.57	0.60	0.54	0.58	0.56	0.75
NODE_217057_length_586_cov_222.236036-382	0.79	0.87	0.89	0.91	0.96	1.00	0.80	0.88
NODE_223_length_3372_cov_21.862915-1322	0.61	0.88	0.81	0.77	0.85	0.75	0.88	0.77
NODE_223058_length_575_cov_539.637868-523	0.90	0.54	0.72	0.76	0.67	0.72	0.75	0.65
NODE_223058_length_575_cov_539.637868-530	0.50	0.79	0.79	0.77	0.80	0.85	0.52	0.71
NODE_22334_length_1472_cov_42.266482-1393	1.00	0.87	0.74	0.82	0.88	0.95	0.74	0.82
NODE_22567_length_1468_cov_146.508003-745	0.91	0.93	0.77	0.93	0.96	1.00	0.94	0.82
NODE_22567_length_1468_cov_146.508003-754	0.63	0.77	0.53	0.51	0.61	0.61	0.55	0.57
NODE_22567_length_1468_cov_146.508003-792	0.53	0.68	0.71	0.71	0.79	0.64	0.68	0.73
NODE_226389_length_569_cov_156.514870-126	0.64	0.75	0.55	0.61	0.84	0.70	0.56	0.75
NODE_226389_length_569_cov_156.514870-127	1.00	0.86	0.98	0.83	0.73	0.84	0.93	0.81
NODE_226389_length_569_cov_156.514870-144	0.78	0.97	0.87	1.00	0.92	1.00	0.92	0.97
NODE_226389_length_569_cov_156.514870-270	0.95	0.84	0.90	0.94	0.97	0.80	1.00	0.93
NODE_226389_length_569_cov_156.514870-300	0.67	0.77	0.66	0.52	0.78	0.57	0.52	0.62
NODE_22740_length_1465_cov_50.034170-89	0.66	0.63	0.53	0.76	0.61	0.64	0.58	0.52
NODE_2286_length_2399_cov_358.201436-1700	0.96	1.00	1.00	0.98	0.92	0.99	0.97	0.90
NODE_2286_length_2399_cov_358.201436-1702	0.96	1.00	0.98	0.93	0.89	0.94	0.98	0.90
NODE_2286_length_2399_cov_358.201436-1737	0.97	1.00	1.00	0.98	0.93	0.99	0.98	0.92
NODE_2286_length_2399_cov_358.201436-1912	1.00	1.00	0.97	0.95	1.00	0.98	1.00	0.93
NODE_229826_length_563_cov_200.229323-202	0.95	0.80	0.79	0.73	0.72	0.90	0.65	0.72
NODE_2341_length_2389_cov_139.769296-2246	1.00	0.89	0.92	0.96	0.95	0.88	0.94	0.97
NODE_2341_length_2389_cov_139.769296-2249	0.90	0.94	0.94	0.98	0.93	1.00	0.82	0.74
NODE_235078_length_554_cov_191.229446-455	0.75	0.87	0.77	0.68	0.82	0.89	0.61	0.58
NODE_235078_length_554_cov_191.229446-475	0.89	0.73	0.83	0.72	0.66	0.67	0.81	0.94
NODE_23848_length_1445_cov_71.892504-72	0.65	0.56	0.55	0.51	0.60	0.51	0.59	0.83
NODE_239958_length_546_cov_122.697087-215	1.00	0.95	0.88	0.75	0.81	0.68	0.92	0.96
NODE_24005_length_1442_cov_137.333097-802	0.73	0.91	0.86	0.89	0.94	1.00	0.86	0.86
NODE_240537_length_545_cov_572.443580-340	0.90	0.75	0.60	0.67	0.85	0.76	0.63	0.69
NODE_240538_length_545_cov_295.624514-209	0.67	0.57	0.67	0.67	0.90	0.89	0.91	0.67
NODE_240538_length_545_cov_295.624514-210	0.92	0.60	0.88	0.70	0.95	0.95	0.92	0.92
NODE_240538_length_545_cov_295.624514-297	0.60	0.87	0.51	0.83	0.70	0.72	0.78	0.66
NODE_240538_length_545_cov_295.624514-84	1.00	0.89	0.88	0.76	0.85	0.91	0.85	0.91
NODE_241_length_3340_cov_115.841040-345	1.00	1.00	1.00	1.00	1.00	1.00	0.97	0.96
NODE_241_length_3340_cov_115.841040-409	1.00	1.00	1.00	0.98	1.00	1.00	0.97	0.95
NODE_241_length_3340_cov_115.841040-445	0.67	0.54	0.74	0.76	0.66	0.73	0.60	0.63
NODE_241_length_3340_cov_115.841040-458	0.74	0.62	0.74	0.82	0.69	0.73	0.61	0.59
NODE_241_length_3340_cov_115.841040-459	0.95	1.00	1.00	0.93	1.00	0.98	0.99	1.00
NODE_241_length_3340_cov_115.841040-627	0.64	0.82	0.63	0.59	0.60	0.68	0.72	0.53
NODE_245447_length_537_cov_261.031621-128	0.89	0.97	0.90	0.95	0.94	0.97	0.74	0.87
NODE_245447_length_537_cov_261.031621-130	0.96	0.94	0.92	0.61	0.94	0.85	0.73	0.79
NODE_245447_length_537_cov_261.031621-132	0.70	0.71	0.63	0.74	0.57	0.79	0.89	0.63
NODE_245447_length_537_cov_261.031621-135	0.90	0.97	0.93	0.98	0.97	0.93	0.74	0.87
NODE_24547_length_1433_cov_46.556348-1372	0.70	0.81	0.51	0.54	0.64	0.57	0.60	0.68
NODE_246056_length_536_cov_164.643564-204	0.90	1.00	0.96	1.00	0.96	1.00	0.97	0.76
NODE_246056_length_536_cov_164.643564-233	0.80	0.88	0.85	0.82	0.84	1.00	0.82	1.00
NODE_2475_length_2367_cov_57.791096-1451	1.00	1.00	1.00	1.00	1.00	0.94	0.90	0.97
NODE_2475_length_2367_cov_57.791096-1500	0.97	0.97	1.00	1.00	0.98	1.00	1.00	1.00
NODE_2475_length_2367_cov_57.791096-1525	0.98	0.97	1.00	0.97	1.00	1.00	0.92	0.95
NODE_2475_length_2367_cov_57.791096-1578	0.85	0.81	0.83	0.67	0.92	0.85	0.80	0.95
NODE_2475_length_2367_cov_57.791096-1579	0.94	0.97	0.98	0.95	0.84	0.95	0.92	0.98
NODE_2475_length_2367_cov_57.791096-1583	0.86	0.81	0.91	0.95	0.96	0.90	0.90	0.95
NODE_2475_length_2367_cov_57.791096-1636	0.88	0.74	0.71	0.82	0.66	0.90	0.94	0.95
NODE_2475_length_2367_cov_57.791096-1643	1.00	1.00	1.00	1.00	0.95	1.00	1.00	0.95
NODE_2475_length_2367_cov_57.791096-1777	0.55	0.71	0.70	0.57	0.75	0.67	0.62	0.79
NODE_24757_length_1430_cov_55.598999-644	0.54	0.51	0.68	0.62	0.58	0.65	0.73	0.84
NODE_24757_length_1430_cov_55.598999-647	0.95	1.00	0.89	0.90	0.99	0.75	0.87	1.00
NODE_24929_length_1427_cov_119.238539-1257	0.55	0.58	0.53	0.68	0.76	0.56	0.75	0.56
NODE_2507_length_2363_cov_75.416381-45	0.84	0.83	0.85	0.54	0.75	0.92	0.73	0.81
NODE_2507_length_2363_cov_75.416381-52	0.83	0.85	0.86	0.54	0.81	0.93	0.75	0.80
NODE_2507_length_2363_cov_75.416381-81	0.70	0.60	0.85	0.90	0.73	0.56	0.65	0.70
NODE_25181_length_1423_cov_200.624282-240	0.63	0.51	0.70	0.58	0.68	0.80	0.62	0.56
NODE_25181_length_1423_cov_200.624282-349	0.64	0.76	0.89	0.84	0.79	0.82	0.59	0.62
NODE_25181_length_1423_cov_200.624282-369	0.83	0.91	0.90	0.67	0.82	0.90	0.85	1.00
NODE_25181_length_1423_cov_200.624282-403	0.66	0.95	0.83	0.73	0.84	0.89	0.77	0.93
NODE_25181_length_1423_cov_200.624282-459	0.67	0.96	0.84	0.76	0.88	0.92	0.83	0.93
NODE_25361_length_1420_cov_130.647228-1270	0.78	0.91	1.00	0.96	0.91	0.93	0.91	1.00
NODE_256003_length_520_cov_290.793456-289	0.50	0.76	0.65	0.58	0.51	0.80	0.55	0.66
NODE_256003_length_520_cov_290.793456-292	0.90	0.88	0.89	0.92	0.90	0.79	1.00	1.00
NODE_256003_length_520_cov_290.793456-418	0.66	0.67	0.89	0.62	0.73	0.85	0.75	0.54
NODE_256003_length_520_cov_290.793456-469	0.56	0.73	0.57	0.60	0.59	0.94	0.62	0.52
NODE_259151_length_515_cov_332.826446-367	0.53	0.90	0.75	0.56	0.75	0.60	0.61	0.74
NODE_259151_length_515_cov_332.826446-398	0.89	0.65	0.93	0.94	0.77	0.91	0.82	0.93
NODE_259151_length_515_cov_332.826446-456	0.88	0.67	0.97	0.92	0.78	0.97	0.95	0.95
NODE_26_length_4413_cov_309.939069-3615	0.99	0.95	0.95	1.00	0.99	1.00	1.00	0.97
NODE_26_length_4413_cov_309.939069-3669	1.00	1.00	1.00	0.97	0.98	1.00	1.00	0.95
NODE_262450_length_510_cov_423.064718-409	0.70	0.72	0.86	0.53	0.78	0.56	0.60	0.83
NODE_26958_length_1396_cov_233.021978-532	1.00	0.87	0.71	0.76	0.83	0.96	0.88	0.71
NODE_26958_length_1396_cov_233.021978-755	0.70	0.74	0.79	0.95	0.82	0.71	0.87	0.97
NODE_26958_length_1396_cov_233.021978-860	0.75	0.69	0.78	0.98	0.84	0.83	0.86	0.98
NODE_2732_length_2328_cov_13.010448-1021	1.00	0.96	1.00	1.00	1.00	0.98	1.00	1.00
NODE_2732_length_2328_cov_13.010448-1044	1.00	0.97	1.00	0.97	1.00	1.00	0.98	1.00
NODE_2732_length_2328_cov_13.010448-1058	0.94	1.00	0.95	0.99	0.99	0.96	0.99	0.97
NODE_2732_length_2328_cov_13.010448-1063	0.96	1.00	0.89	0.95	0.94	0.97	0.98	1.00
NODE_2732_length_2328_cov_13.010448-1070	1.00	1.00	1.00	0.92	1.00	0.98	1.00	1.00
NODE_2732_length_2328_cov_13.010448-999	1.00	1.00	1.00	0.94	1.00	0.94	0.93	0.96
NODE_279342_length_485_cov_176.988987-409	0.67	0.90	0.95	0.81	0.78	0.87	0.75	0.92
NODE_280851_length_483_cov_164.674779-235	0.79	0.72	0.71	0.86	1.00	0.76	0.75	0.76
NODE_280851_length_483_cov_164.674779-269	0.95	0.79	0.94	1.00	0.92	1.00	0.80	0.95
NODE_280851_length_483_cov_164.674779-376	0.82	0.88	0.93	0.88	0.74	0.91	0.56	0.80
NODE_287350_length_474_cov_546.158014-164	1.00	0.77	1.00	1.00	0.97	1.00	0.98	1.00
NODE_294883_length_464_cov_203.711316-216	0.50	0.57	0.52	0.50	0.52	0.70	0.63	0.52
NODE_29530_length_1361_cov_98.369173-157	0.93	1.00	0.93	0.76	0.91	0.96	0.95	0.94
NODE_29530_length_1361_cov_98.369173-244	0.93	0.88	1.00	0.69	0.82	0.96	0.95	0.86
NODE_29530_length_1361_cov_98.369173-247	0.93	0.94	0.80	0.90	0.82	0.87	1.00	0.93
NODE_29530_length_1361_cov_98.369173-267	0.93	0.93	1.00	0.72	0.93	1.00	0.95	0.86
NODE_2985_length_2286_cov_14.504213-669	0.68	1.00	0.97	0.76	0.86	1.00	0.84	0.86
NODE_30133_length_1353_cov_329.726172-868	0.59	0.65	0.80	0.87	0.72	0.74	0.65	0.53
NODE_30133_length_1353_cov_329.726172-894	0.88	0.62	0.66	0.54	0.73	0.66	0.68	0.87
NODE_30133_length_1353_cov_329.726172-921	1.00	0.94	1.00	0.97	0.96	0.88	0.80	0.95
NODE_30133_length_1353_cov_329.726172-938	0.84	0.61	0.77	0.84	0.71	0.73	0.95	0.70
NODE_307173_length_448_cov_283.503597-137	0.77	0.77	0.78	0.80	0.94	0.70	1.00	0.84
NODE_307999_length_447_cov_472.605769-345	0.64	0.84	0.81	0.97	0.80	0.80	0.60	0.83
NODE_314413_length_439_cov_344.639706-135	0.76	0.80	0.55	0.73	0.69	0.89	0.83	0.77
NODE_314413_length_439_cov_344.639706-362	0.88	1.00	0.89	0.77	0.78	0.84	0.79	0.85
NODE_321001_length_431_cov_252.667500-258	0.69	0.75	0.52	0.80	0.64	0.78	0.92	0.71
NODE_321001_length_431_cov_252.667500-279	1.00	0.90	0.93	0.91	0.82	0.94	0.78	0.90
NODE_321001_length_431_cov_252.667500-335	0.57	0.59	0.66	0.56	0.52	0.52	0.71	0.65
NODE_321001_length_431_cov_252.667500-375	0.71	0.53	0.58	0.62	0.64	0.77	0.76	0.55
NODE_321001_length_431_cov_252.667500-423	0.91	1.00	0.86	0.89	0.89	0.93	0.77	1.00
NODE_32312_length_1325_cov_152.991499-417	0.82	0.87	0.91	0.84	0.90	0.94	0.77	1.00
NODE_324301_length_427_cov_366.616162-72	0.68	0.59	0.52	0.57	0.83	0.79	0.81	0.55
NODE_324301_length_427_cov_366.616162-8	0.96	0.77	1.00	0.80	0.94	0.90	0.95	0.85
NODE_3259_length_2252_cov_415.019811-1016	1.00	1.00	1.00	1.00	0.98	0.93	1.00	0.94
NODE_3259_length_2252_cov_415.019811-814	1.00	1.00	1.00	1.00	0.95	1.00	0.95	0.92
NODE_326044_length_425_cov_322.835025-39	0.66	0.95	0.83	0.66	0.81	0.90	0.75	0.83
NODE_326044_length_425_cov_322.835025-45	0.70	0.92	0.76	0.65	0.64	0.79	0.70	0.63
NODE_32807_length_1319_cov_144.461957-1050	0.90	0.94	0.81	0.85	1.00	0.96	0.91	0.73
NODE_32807_length_1319_cov_144.461957-1060	0.70	0.78	0.68	0.63	0.68	0.69	0.69	0.56
NODE_32807_length_1319_cov_144.461957-1159	0.86	1.00	0.84	0.88	1.00	0.96	0.92	0.78
NODE_32807_length_1319_cov_144.461957-1279	0.62	0.71	0.70	0.61	0.72	0.90	0.75	0.74
NODE_32807_length_1319_cov_144.461957-955	0.71	0.79	0.79	0.52	0.73	0.63	0.67	0.54
NODE_33323_length_1313_cov_46.782371-1139	0.55	0.89	0.51	0.71	0.80	0.50	0.67	0.54
NODE_33323_length_1313_cov_46.782371-1207	0.92	1.00	0.95	0.83	0.91	0.84	0.78	0.98
NODE_3348_length_2242_cov_74.296698-1339	0.81	0.93	0.73	0.94	0.75	0.89	0.77	1.00
NODE_3363_length_2240_cov_38.960163-2164	0.51	0.50	0.59	0.78	0.57	0.53	0.59	0.56
NODE_3363_length_2240_cov_38.960163-2166	1.00	0.94	1.00	1.00	1.00	0.97	0.96	1.00
NODE_3363_length_2240_cov_38.960163-2176	1.00	0.97	1.00	1.00	1.00	1.00	0.99	0.99
NODE_3363_length_2240_cov_38.960163-2198	0.98	0.99	0.97	0.89	0.92	0.96	0.98	0.96
NODE_3363_length_2240_cov_38.960163-2209	0.97	0.95	0.93	0.98	0.99	0.94	0.98	0.93
NODE_3363_length_2240_cov_38.960163-2221	0.83	0.85	0.75	0.89	0.85	0.76	0.80	0.81
NODE_3363_length_2240_cov_38.960163-2232	1.00	1.00	0.97	1.00	0.98	1.00	1.00	0.98
NODE_338114_length_411_cov_177.089474-127	0.78	0.71	0.77	0.70	0.73	0.68	0.63	0.71
NODE_338114_length_411_cov_177.089474-87	0.82	0.80	0.79	0.88	0.79	0.95	0.55	0.62
NODE_33955_length_1306_cov_705.701176-1150	0.75	0.72	0.74	0.58	0.58	0.69	0.65	0.53
NODE_33955_length_1306_cov_705.701176-1151	0.75	0.70	0.72	0.57	0.59	0.68	0.65	0.53
NODE_33955_length_1306_cov_705.701176-1198	0.76	0.72	0.70	0.60	0.69	0.71	0.52	0.54
NODE_33955_length_1306_cov_705.701176-1217	0.78	0.64	0.63	0.66	0.59	0.63	0.52	0.55
NODE_34119_length_1304_cov_84.868814-100	0.60	0.79	0.52	0.55	0.53	0.58	0.56	0.62
NODE_34119_length_1304_cov_84.868814-163	0.62	0.79	0.55	0.51	0.50	0.61	0.52	0.70
NODE_34119_length_1304_cov_84.868814-32	0.65	0.74	0.89	0.67	0.59	0.64	0.66	0.67
NODE_344338_length_404_cov_291.367292-105	0.88	0.78	0.95	0.95	0.88	0.69	0.75	0.80
NODE_356265_length_391_cov_282.497222-117	0.92	0.95	0.78	0.90	0.96	1.00	0.90	0.96
NODE_356265_length_391_cov_282.497222-157	0.79	1.00	0.86	0.80	0.74	0.72	0.83	0.90
NODE_356265_length_391_cov_282.497222-179	0.92	1.00	0.92	0.93	0.83	1.00	0.91	0.96
NODE_3646_length_2207_cov_67.623162-1570	1.00	1.00	1.00	1.00	1.00	0.94	1.00	1.00
NODE_3646_length_2207_cov_67.623162-1623	0.81	0.86	0.91	0.79	0.88	0.82	0.96	0.80
NODE_364844_length_382_cov_365.532764-268	0.84	0.73	0.74	0.86	0.62	0.94	0.86	0.70
NODE_364844_length_382_cov_365.532764-311	0.65	0.68	0.63	0.71	0.91	0.63	0.64	0.78
NODE_365847_length_381_cov_233.251429-270	0.93	0.71	0.97	0.86	0.96	0.97	0.92	0.93
NODE_36833_length_1273_cov_82.907407-991	0.91	1.00	0.89	0.91	0.90	0.79	0.93	0.91
NODE_372720_length_374_cov_207.174927-312	0.60	0.65	0.53	0.66	0.83	0.67	0.70	0.58
NODE_37743_length_1263_cov_57.379058-147	0.88	0.61	0.89	0.88	0.83	0.96	0.91	0.90
NODE_37743_length_1263_cov_57.379058-154	0.94	0.72	0.89	0.98	0.91	0.98	0.91	0.95
NODE_37743_length_1263_cov_57.379058-71	0.87	0.65	0.90	0.88	0.85	0.97	0.91	0.90
NODE_37743_length_1263_cov_57.379058-74	0.93	0.82	0.84	0.92	0.73	0.85	0.87	1.00
NODE_378_length_3149_cov_27.771648-2051	1.00	0.96	1.00	1.00	1.00	0.97	1.00	1.00
NODE_379767_length_367_cov_134.098214-49	0.71	0.58	0.68	0.53	0.56	0.72	0.66	0.53
NODE_379767_length_367_cov_134.098214-55	0.71	0.59	0.63	0.51	0.56	0.73	0.63	0.53
NODE_38085_length_1260_cov_171.353946-304	0.65	0.59	0.68	0.70	0.62	0.68	0.91	0.51
NODE_38085_length_1260_cov_171.353946-343	0.80	0.81	0.86	0.77	0.78	0.84	0.97	0.66
NODE_38174_length_1259_cov_100.646580-239	0.75	0.92	0.71	0.79	0.56	0.57	0.67	0.83
NODE_382_length_3143_cov_88.244537-531	1.00	0.98	0.97	0.98	1.00	1.00	1.00	1.00
NODE_382_length_3143_cov_88.244537-600	1.00	1.00	1.00	1.00	1.00	1.00	0.95	1.00
NODE_382_length_3143_cov_88.244537-637	1.00	1.00	1.00	1.00	1.00	0.95	1.00	1.00
NODE_3864_length_2187_cov_19.229592-19	0.95	1.00	0.76	0.85	0.88	0.78	0.90	0.83
NODE_3864_length_2187_cov_19.229592-39	0.76	0.54	0.76	0.70	0.73	0.82	0.81	0.92
NODE_386960_length_360_cov_367.835866-138	0.94	1.00	0.97	0.96	0.97	0.98	0.86	0.76
NODE_386960_length_360_cov_367.835866-32	0.59	0.69	0.55	0.51	0.73	0.51	0.51	0.59
NODE_386960_length_360_cov_367.835866-326	0.80	0.89	0.94	0.84	0.84	0.79	0.63	0.88
NODE_39505_length_1245_cov_93.933278-1010	1.00	0.91	0.84	0.95	0.85	0.87	0.76	0.88
NODE_39505_length_1245_cov_93.933278-1014	0.94	0.88	0.85	0.87	0.81	0.94	1.00	0.96
NODE_39505_length_1245_cov_93.933278-1016	0.94	0.89	1.00	0.85	0.85	0.94	0.94	0.73
NODE_39505_length_1245_cov_93.933278-1042	1.00	0.92	0.78	0.95	0.88	0.90	0.74	1.00
NODE_396415_length_351_cov_222.137500-249	0.59	0.54	0.68	0.53	0.72	0.53	0.60	0.59
NODE_396415_length_351_cov_222.137500-253	0.63	0.61	0.72	0.71	0.84	0.60	0.69	0.63
NODE_396415_length_351_cov_222.137500-280	0.84	0.84	0.98	0.93	0.74	0.92	0.97	0.85
NODE_397494_length_350_cov_425.272727-240	1.00	0.95	0.97	0.94	1.00	0.90	0.78	0.95
NODE_397494_length_350_cov_425.272727-250	0.79	0.92	0.92	0.89	0.94	0.86	0.85	0.61
NODE_4023_length_2171_cov_70.842523-1940	0.87	1.00	0.89	0.91	1.00	0.94	1.00	0.73
NODE_4023_length_2171_cov_70.842523-1968	1.00	1.00	1.00	0.95	0.96	1.00	1.00	1.00
NODE_403054_length_345_cov_147.111465-85	0.88	0.88	0.78	0.94	0.96	0.92	1.00	0.86
NODE_4053_length_2167_cov_20.867041-472	0.94	0.83	0.87	0.71	0.86	0.80	0.84	0.97
NODE_40850_length_1232_cov_76.558701-1042	0.72	1.00	0.93	0.96	0.92	0.93	0.92	0.81
NODE_40850_length_1232_cov_76.558701-1043	1.00	0.78	0.93	0.87	0.86	0.94	0.96	0.90
NODE_40850_length_1232_cov_76.558701-1116	1.00	0.79	0.83	0.87	0.85	0.77	0.96	0.92
NODE_40850_length_1232_cov_76.558701-1130	1.00	0.76	0.81	0.86	0.85	0.79	0.96	0.90
NODE_410428_length_337_cov_238.323529-152	0.64	0.63	0.68	0.70	0.59	0.53	0.68	0.81
NODE_4112_length_2161_cov_33.122066-1001	1.00	0.93	1.00	0.96	1.00	1.00	0.96	1.00
NODE_4112_length_2161_cov_33.122066-1007	0.96	0.89	0.90	0.85	0.79	1.00	0.90	0.94
NODE_4112_length_2161_cov_33.122066-1015	1.00	0.78	0.91	0.72	0.91	0.84	0.94	1.00
NODE_4112_length_2161_cov_33.122066-1020	0.96	0.83	0.91	0.75	0.97	0.87	0.94	1.00
NODE_4112_length_2161_cov_33.122066-1022	1.00	0.83	0.90	0.78	1.00	0.87	0.97	1.00
NODE_4112_length_2161_cov_33.122066-1045	1.00	0.82	0.75	0.82	0.84	0.96	0.97	0.92
NODE_4112_length_2161_cov_33.122066-1064	0.91	1.00	0.93	0.95	0.90	1.00	1.00	0.88
NODE_4112_length_2161_cov_33.122066-1081	0.96	1.00	1.00	1.00	1.00	0.93	0.96	1.00
NODE_4112_length_2161_cov_33.122066-1103	1.00	1.00	1.00	1.00	1.00	1.00	0.92	0.96
NODE_4112_length_2161_cov_33.122066-1119	0.94	1.00	1.00	0.90	1.00	1.00	1.00	0.96
NODE_4112_length_2161_cov_33.122066-1120	0.78	1.00	1.00	1.00	0.94	1.00	0.95	0.94
NODE_4137_length_2159_cov_364.235902-1562	0.79	0.85	0.89	0.93	0.76	0.85	0.79	0.61
NODE_4137_length_2159_cov_364.235902-1574	0.83	0.94	0.91	0.93	0.80	0.87	0.78	0.64
NODE_4137_length_2159_cov_364.235902-1577	0.83	0.94	0.91	0.93	0.80	0.87	0.77	0.65
NODE_4137_length_2159_cov_364.235902-1623	0.87	0.92	0.96	0.96	0.90	0.94	0.84	0.68
NODE_4137_length_2159_cov_364.235902-1636	1.00	0.94	1.00	0.96	1.00	1.00	1.00	0.95
NODE_4137_length_2159_cov_364.235902-164	0.97	0.97	0.96	0.95	1.00	0.95	1.00	0.95
NODE_4137_length_2159_cov_364.235902-1983	0.70	0.62	0.52	0.56	0.63	0.67	0.79	0.52
NODE_4137_length_2159_cov_364.235902-27	1.00	1.00	1.00	1.00	1.00	0.94	0.96	1.00
NODE_4137_length_2159_cov_364.235902-29	1.00	1.00	0.98	1.00	0.99	0.94	0.96	1.00
NODE_414574_length_331_cov_280.000000-64	0.60	0.86	0.71	0.66	0.92	0.69	0.72	0.64
NODE_414656_length_330_cov_161.441472-242	0.96	0.76	0.79	0.81	0.85	0.76	0.79	0.65
NODE_414656_length_330_cov_161.441472-271	0.96	0.78	0.91	0.68	0.65	0.67	1.00	0.77
NODE_414656_length_330_cov_161.441472-298	0.96	0.81	0.97	0.64	0.73	0.70	1.00	0.80
NODE_414735_length_329_cov_392.875839-135	0.56	0.88	0.72	0.80	0.86	0.77	0.85	0.71
NODE_415140_length_325_cov_219.085034-216	0.64	0.60	0.50	0.79	0.88	0.57	0.71	0.56
NODE_415140_length_325_cov_219.085034-265	0.79	0.85	0.68	0.90	0.96	0.80	0.88	0.89
NODE_415140_length_325_cov_219.085034-274	0.67	0.64	0.50	0.79	0.87	0.53	0.70	0.63
NODE_415454_length_322_cov_527.079038-266	0.89	1.00	0.87	0.89	0.94	0.97	0.77	0.88
NODE_417498_length_305_cov_217.678832-192	0.65	0.69	0.72	0.85	0.69	0.51	0.68	0.82
NODE_417498_length_305_cov_217.678832-195	0.65	0.66	0.64	0.76	0.66	0.63	0.64	0.83
NODE_417650_length_304_cov_473.630037-152	1.00	0.75	0.78	0.95	0.89	0.93	0.89	0.89
NODE_417650_length_304_cov_473.630037-55	0.84	0.84	0.78	0.86	0.94	1.00	0.89	0.87
NODE_418812_length_297_cov_279.883459-101	0.63	0.87	0.68	0.52	0.75	0.75	0.63	0.74
NODE_418814_length_297_cov_196.398496-210	0.93	0.90	1.00	1.00	0.96	0.92	0.94	0.79
NODE_418814_length_297_cov_196.398496-240	0.93	0.91	1.00	1.00	0.96	0.92	0.91	0.79
NODE_419481_length_293_cov_287.954198-215	0.80	0.68	0.88	0.76	0.65	0.70	0.84	0.53
NODE_419481_length_293_cov_287.954198-95	0.77	0.60	0.51	0.56	0.57	0.83	0.60	0.54
NODE_42071_length_1220_cov_34.701430-551	0.86	1.00	0.96	0.87	0.73	0.86	0.82	0.84
NODE_421074_length_284_cov_315.486166-124	0.94	0.93	0.92	0.73	0.89	0.97	0.93	0.85
NODE_421844_length_280_cov_317.092369-175	0.78	0.97	0.96	0.96	0.82	0.93	0.92	1.00
NODE_421844_length_280_cov_317.092369-219	0.90	0.84	0.78	0.88	0.88	0.89	0.89	1.00
NODE_421844_length_280_cov_317.092369-227	0.84	0.89	0.86	0.76	0.97	0.94	0.87	1.00
NODE_421845_length_280_cov_230.080321-195	0.64	0.54	0.53	0.52	0.70	0.50	0.70	0.63
NODE_422308_length_278_cov_39.161943-157	0.84	0.96	0.88	0.80	0.95	1.00	0.71	0.94
NODE_422308_length_278_cov_39.161943-196	0.81	0.90	0.83	0.86	1.00	0.82	0.84	1.00
NODE_422308_length_278_cov_39.161943-202	1.00	0.91	0.88	0.96	0.95	0.78	0.90	0.88
NODE_422308_length_278_cov_39.161943-221	0.57	0.51	0.54	0.52	0.55	0.55	0.71	0.64
NODE_422308_length_278_cov_39.161943-251	0.94	0.86	0.86	0.90	0.67	0.89	0.87	0.87
NODE_422747_length_275_cov_254.778689-118	0.71	1.00	0.88	0.95	0.94	0.94	0.91	0.93
NODE_422747_length_275_cov_254.778689-134	0.70	1.00	0.89	0.95	0.94	0.94	0.91	0.93
NODE_422747_length_275_cov_254.778689-135	0.70	1.00	0.89	0.95	0.94	0.94	0.90	0.93
NODE_422747_length_275_cov_254.778689-211	0.74	1.00	0.87	0.95	0.94	0.95	0.91	0.93
NODE_423_length_3099_cov_174.790091-208	1.00	0.96	1.00	1.00	1.00	1.00	0.92	1.00
NODE_423_length_3099_cov_174.790091-89	1.00	1.00	1.00	0.93	1.00	1.00	0.98	0.98
NODE_423121_length_273_cov_277.276860-70	0.98	0.91	0.88	0.88	1.00	0.84	0.78	0.94
NODE_425470_length_261_cov_440.043478-7	0.79	0.79	0.83	0.82	0.72	0.95	0.90	0.87
NODE_426107_length_258_cov_322.872247-112	0.96	0.86	0.95	0.83	0.85	1.00	0.88	0.78
NODE_426107_length_258_cov_322.872247-77	0.88	0.94	0.95	0.89	0.94	0.78	1.00	0.83
NODE_426107_length_258_cov_322.872247-81	0.96	0.88	0.93	0.78	0.75	1.00	0.89	0.78
NODE_427108_length_253_cov_324.207207-137	1.00	0.90	0.70	0.85	0.72	0.80	0.70	0.55
NODE_427108_length_253_cov_324.207207-139	0.80	0.89	0.62	0.72	0.61	0.58	0.59	0.59
NODE_427108_length_253_cov_324.207207-186	1.00	0.95	0.81	0.91	0.83	0.81	0.80	0.68
NODE_427108_length_253_cov_324.207207-54	1.00	0.89	0.67	0.94	0.78	0.80	0.82	0.71
NODE_427111_length_253_cov_194.864865-19	0.94	0.82	0.90	0.88	0.56	0.85	0.72	0.89
NODE_427111_length_253_cov_194.864865-59	0.76	0.77	0.63	0.60	0.63	0.51	0.67	0.74
NODE_427111_length_253_cov_194.864865-89	0.58	0.77	0.57	0.56	0.63	0.57	0.67	0.79
NODE_427512_length_251_cov_228.227273-108	0.91	0.64	0.72	0.50	0.83	0.83	0.79	0.87
NODE_427512_length_251_cov_228.227273-119	0.88	0.93	0.98	0.96	0.91	0.91	0.91	0.71
NODE_427512_length_251_cov_228.227273-76	1.00	1.00	0.96	1.00	0.96	1.00	0.90	0.76
NODE_427713_length_250_cov_349.447489-46	0.84	0.77	0.89	0.78	0.73	0.58	0.78	0.80
NODE_427919_length_249_cov_165.344037-234	0.67	0.79	0.86	0.76	0.61	0.89	0.79	0.72
NODE_428984_length_244_cov_229.967136-22	0.96	0.78	0.77	0.76	0.64	0.76	0.79	0.67
NODE_428984_length_244_cov_229.967136-46	0.97	0.76	0.77	0.77	0.64	0.76	0.79	0.68
NODE_429593_length_241_cov_397.500000-166	0.62	0.56	0.70	0.66	0.89	0.76	0.84	0.72
NODE_429593_length_241_cov_397.500000-200	0.61	0.65	0.77	0.73	0.91	0.82	0.89	0.81
NODE_429593_length_241_cov_397.500000-77	0.60	0.67	0.75	0.74	0.93	0.83	0.91	0.80
NODE_432003_length_230_cov_421.964824-154	0.83	0.84	0.70	0.82	0.73	0.63	0.73	0.96
NODE_432003_length_230_cov_421.964824-192	0.59	0.51	0.50	0.56	0.68	0.65	0.57	0.71
NODE_432003_length_230_cov_421.964824-99	0.84	0.86	0.68	0.81	0.72	0.68	0.80	0.96
NODE_433925_length_221_cov_329.268421-85	0.62	0.87	0.73	0.90	0.88	0.91	0.76	0.86
NODE_434138_length_220_cov_229.671958-160	0.87	0.96	0.68	0.91	0.96	0.96	0.90	0.86
NODE_434599_length_218_cov_673.716578-156	0.83	0.92	0.84	0.92	0.98	0.77	0.92	0.92
NODE_435014_length_216_cov_347.556757-182	0.92	0.97	0.73	0.88	1.00	0.90	0.92	1.00
NODE_435014_length_216_cov_347.556757-208	0.93	0.88	0.94	0.87	0.82	0.81	0.80	1.00
NODE_435016_length_216_cov_239.616216-162	0.87	0.84	0.71	0.89	0.97	0.83	0.92	0.88
NODE_435016_length_216_cov_239.616216-166	0.79	0.58	0.67	0.66	0.56	0.51	0.65	0.60
NODE_435016_length_216_cov_239.616216-172	0.66	0.79	0.61	0.81	0.90	0.83	0.72	0.71
NODE_435658_length_213_cov_330.335165-118	0.90	0.96	0.77	0.89	0.93	0.90	0.96	1.00
NODE_435658_length_213_cov_330.335165-171	0.97	0.95	0.95	1.00	0.83	0.98	0.70	0.76
NODE_43610_length_1206_cov_182.523404-513	0.76	0.73	0.70	0.58	0.88	0.69	0.72	0.71
NODE_43610_length_1206_cov_182.523404-609	0.89	1.00	0.65	0.81	0.95	0.85	0.86	0.89
NODE_436835_length_208_cov_190.949153-21	1.00	0.92	1.00	0.95	1.00	0.80	1.00	0.97
NODE_43711_length_1205_cov_80.002555-883	0.86	0.78	0.94	0.67	0.79	0.86	0.85	1.00
NODE_43711_length_1205_cov_80.002555-924	0.87	0.83	1.00	0.67	0.82	0.89	0.84	1.00
NODE_439036_length_198_cov_177.952096-184	0.92	0.95	0.91	0.89	0.54	0.96	0.88	0.94
NODE_43951_length_1203_cov_1072.918942-121	0.82	0.52	0.91	0.78	0.83	0.62	0.78	0.80
NODE_43951_length_1203_cov_1072.918942-89	0.56	0.59	0.59	0.54	0.69	0.64	0.75	0.73
NODE_439747_length_195_cov_375.262195-151	0.70	0.79	0.77	0.73	0.94	0.76	0.75	0.62
NODE_439747_length_195_cov_375.262195-182	0.87	0.81	0.86	0.83	1.00	0.97	0.79	0.92
NODE_439748_length_195_cov_226.524390-140	0.71	0.72	0.83	0.55	0.73	0.62	0.57	0.62
NODE_442257_length_184_cov_369.738562-39	0.88	0.86	0.90	0.95	0.96	0.88	0.74	1.00
NODE_442257_length_184_cov_369.738562-48	0.92	0.94	1.00	0.80	0.96	1.00	1.00	0.90
NODE_442257_length_184_cov_369.738562-69	0.96	0.92	0.97	0.90	0.89	0.89	1.00	0.75
NODE_442488_length_183_cov_309.414474-116	0.89	0.87	0.87	0.53	0.79	0.74	0.91	0.74
NODE_442488_length_183_cov_309.414474-121	0.83	0.92	0.60	0.78	0.69	0.64	0.57	0.74
NODE_442488_length_183_cov_309.414474-124	0.98	0.92	0.94	0.58	0.86	0.81	0.98	0.91
NODE_442488_length_183_cov_309.414474-95	0.60	0.56	0.73	0.93	0.86	0.74	0.78	0.75
NODE_44286_length_1200_cov_670.398631-1077	0.90	0.96	0.93	0.95	0.88	0.86	1.00	0.75
NODE_44286_length_1200_cov_670.398631-1117	0.89	0.95	0.93	0.97	0.89	0.86	1.00	0.74
NODE_44286_length_1200_cov_670.398631-1149	0.97	0.84	1.00	0.92	0.91	0.97	0.81	0.88
NODE_444178_length_175_cov_244.375000-76	1.00	0.96	0.93	0.94	0.73	0.92	0.91	1.00
NODE_444601_length_173_cov_154.098592-116	0.81	0.60	0.75	0.83	0.94	0.78	0.72	0.93
NODE_444601_length_173_cov_154.098592-117	0.75	0.92	0.67	0.93	1.00	0.87	0.87	0.90
NODE_444601_length_173_cov_154.098592-92	0.88	0.80	1.00	0.70	0.78	0.67	0.75	0.86
NODE_445215_length_170_cov_1091.827338-19	0.90	0.83	0.87	1.00	0.75	0.98	0.76	0.91
NODE_445615_length_168_cov_499.328467-19	0.95	0.92	0.77	1.00	0.97	0.97	0.90	0.88
NODE_445615_length_168_cov_499.328467-57	0.98	0.80	0.97	0.55	0.82	0.97	0.92	0.93
NODE_445617_length_168_cov_293.021898-68	0.86	0.71	0.96	0.85	0.85	0.88	0.88	0.66
NODE_445617_length_168_cov_293.021898-88	0.93	1.00	0.85	0.74	0.65	0.88	0.96	0.87
NODE_445835_length_167_cov_344.735294-102	0.53	0.56	0.64	0.65	0.58	0.67	0.62	0.71
NODE_445835_length_167_cov_344.735294-133	0.75	0.96	0.83	0.88	1.00	0.91	0.95	1.00
NODE_4462_length_2128_cov_62.295184-2018	1.00	0.94	0.93	1.00	0.94	1.00	0.97	0.97
NODE_446208_length_165_cov_363.417910-11	0.68	0.96	0.87	0.91	0.87	0.89	0.94	0.88
NODE_446208_length_165_cov_363.417910-38	0.51	0.93	0.83	0.80	0.72	0.79	0.82	0.82
NODE_446208_length_165_cov_363.417910-44	0.90	0.74	0.82	0.84	0.94	0.79	0.83	1.00
NODE_446208_length_165_cov_363.417910-61	0.69	0.53	0.54	0.59	0.63	0.55	0.68	0.56
NODE_446599_length_163_cov_995.083333-41	0.97	0.71	0.83	0.83	0.91	0.91	1.00	0.86
NODE_447316_length_159_cov_557.703125-107	0.74	0.73	0.93	0.63	0.71	0.71	0.70	0.66
NODE_447316_length_159_cov_557.703125-118	0.52	0.58	0.75	0.71	0.60	0.53	0.57	0.65
NODE_447316_length_159_cov_557.703125-61	0.72	0.58	0.53	0.90	0.65	0.79	0.73	0.74
NODE_447317_length_159_cov_464.851562-74	0.69	0.66	0.83	0.64	0.83	0.53	0.73	0.81
NODE_447526_length_158_cov_332.472441-121	0.93	0.93	0.82	0.94	0.96	0.74	0.99	1.00
NODE_447713_length_157_cov_235.039683-22	1.00	0.69	0.92	0.71	0.77	0.82	0.75	0.71
NODE_447887_length_156_cov_342.192000-54	1.00	1.00	0.96	0.78	0.90	0.86	0.86	0.96
NODE_447887_length_156_cov_342.192000-61	1.00	1.00	0.96	0.78	0.90	0.87	0.92	0.96
NODE_448205_length_154_cov_447.853659-76	0.74	0.97	0.67	0.84	0.78	0.79	0.88	0.86
NODE_448528_length_152_cov_424.867769-111	0.96	0.70	0.88	0.88	0.93	1.00	0.89	1.00
NODE_448528_length_152_cov_424.867769-78	0.96	0.70	0.90	0.88	0.93	1.00	0.88	1.00
NODE_448528_length_152_cov_424.867769-80	0.96	0.71	0.90	0.88	0.94	1.00	0.88	1.00
NODE_448528_length_152_cov_424.867769-94	0.96	0.71	0.90	0.88	0.93	1.00	0.88	1.00
NODE_448528_length_152_cov_424.867769-96	0.96	0.71	0.90	0.88	0.93	1.00	0.88	1.00
NODE_4495_length_2125_cov_113.329513-421	1.00	1.00	1.00	1.00	1.00	0.97	1.00	0.96
NODE_4495_length_2125_cov_113.329513-456	0.89	0.95	0.88	0.87	0.92	0.97	0.90	0.81
NODE_4495_length_2125_cov_113.329513-521	1.00	1.00	0.96	1.00	1.00	1.00	0.98	1.00
NODE_4495_length_2125_cov_113.329513-536	1.00	1.00	0.97	1.00	0.99	0.96	1.00	1.00
NODE_449554_length_146_cov_320.356522-104	0.63	0.69	0.92	0.76	0.59	0.66	0.74	0.81
NODE_449554_length_146_cov_320.356522-114	0.95	0.67	0.57	0.98	0.76	0.72	0.69	0.63
NODE_449554_length_146_cov_320.356522-24	0.93	0.78	0.86	0.95	0.70	0.79	0.81	0.82
NODE_449554_length_146_cov_320.356522-91	0.94	0.89	0.85	0.86	0.96	0.89	0.70	0.71
NODE_45_length_4075_cov_120.127102-1886	1.00	0.93	0.92	0.88	0.96	0.96	0.96	0.95
NODE_45_length_4075_cov_120.127102-1888	0.94	1.00	1.00	0.91	0.96	0.96	0.92	1.00
NODE_450339_length_141_cov_400.109091-133	0.86	0.95	0.80	0.99	0.82	0.77	0.89	0.90
NODE_450483_length_140_cov_746.018349-37	0.92	0.80	0.88	0.57	0.67	0.66	0.82	0.59
NODE_450485_length_140_cov_313.513761-60	0.79	0.95	1.00	0.87	0.97	0.96	0.97	0.94
NODE_450652_length_139_cov_416.972222-37	0.95	1.00	0.84	0.78	0.83	0.78	0.91	0.82
NODE_451772_length_132_cov_248.495050-75	0.92	1.00	0.85	0.87	0.91	0.88	0.77	0.86
NODE_452081_length_130_cov_1918.282828-25	0.79	0.82	0.91	1.00	0.92	0.81	0.93	0.88
NODE_452545_length_127_cov_384.062500-107	0.83	0.84	1.00	0.79	0.79	0.77	0.86	0.76
NODE_452545_length_127_cov_384.062500-16	0.81	0.83	1.00	0.81	0.77	0.81	0.88	0.79
NODE_452545_length_127_cov_384.062500-81	0.89	0.92	0.73	0.94	0.93	0.97	0.83	0.87
NODE_452545_length_127_cov_384.062500-84	0.89	0.96	0.78	1.00	1.00	0.97	0.93	0.97
NODE_452545_length_127_cov_384.062500-97	0.94	0.96	0.77	1.00	1.00	0.97	0.93	0.97
NODE_452548_length_127_cov_297.010417-70	0.64	0.62	0.54	0.84	0.63	0.67	0.55	0.62
NODE_452723_length_126_cov_311.200000-44	0.52	0.67	0.59	0.62	0.73	0.60	0.72	0.71
NODE_452900_length_125_cov_141.329787-109	0.65	0.56	0.64	0.77	0.50	0.73	0.89	0.67
NODE_452900_length_125_cov_141.329787-72	0.87	0.78	0.86	1.00	1.00	0.97	1.00	0.87
NODE_452900_length_125_cov_141.329787-94	0.75	0.80	0.78	0.95	1.00	0.91	0.97	0.80
NODE_453043_length_124_cov_284.204301-62	0.95	0.79	1.00	0.94	0.95	0.81	0.89	0.86
NODE_453045_length_124_cov_189.225806-58	0.79	0.79	0.84	0.96	1.00	0.81	0.93	0.94
NODE_453395_length_122_cov_390.087912-17	0.71	0.65	0.72	0.81	0.94	0.78	0.67	0.76
NODE_453922_length_119_cov_541.897727-6	0.95	0.80	0.83	0.56	0.75	0.91	0.77	0.83
NODE_454117_length_118_cov_271.563218-73	0.70	0.90	0.84	0.88	0.92	0.95	0.97	0.79
NODE_4546_length_2120_cov_32.055050-853	0.96	0.96	1.00	1.00	1.00	1.00	1.00	1.00
NODE_454671_length_115_cov_570.500000-65	0.64	0.74	0.73	0.82	0.78	0.77	0.95	0.80
NODE_454680_length_115_cov_154.500000-30	0.76	0.91	0.93	1.00	0.88	0.83	0.92	0.93
NODE_455903_length_109_cov_394.987179-30	0.81	0.86	0.92	0.88	0.78	0.91	1.00	0.92
NODE_455903_length_109_cov_394.987179-75	0.60	1.00	0.79	0.83	0.76	0.83	0.87	0.72
NODE_455903_length_109_cov_394.987179-82	0.77	1.00	0.85	0.90	0.89	0.90	1.00	0.95
NODE_455903_length_109_cov_394.987179-97	0.95	0.83	0.90	0.91	0.82	0.85	1.00	0.94
NODE_455903_length_109_cov_394.987179-99	0.65	0.89	0.73	0.80	0.83	0.82	0.94	0.84
NODE_456127_length_108_cov_486.155844-33	0.79	0.65	0.66	0.83	0.86	0.97	0.66	0.69
NODE_456127_length_108_cov_486.155844-85	0.94	0.94	0.95	0.80	0.87	1.00	0.89	1.00
NODE_456306_length_107_cov_207.105263-22	0.81	0.90	0.88	0.94	1.00	0.83	0.86	0.87
NODE_456306_length_107_cov_207.105263-35	0.88	0.85	0.81	0.77	0.77	0.91	1.00	0.80
NODE_456306_length_107_cov_207.105263-36	0.88	0.85	0.94	0.94	0.78	0.87	0.93	1.00
NODE_456306_length_107_cov_207.105263-37	0.93	0.85	0.94	0.94	0.78	0.87	0.93	1.00
NODE_456306_length_107_cov_207.105263-45	0.93	0.85	0.81	0.77	0.77	0.91	1.00	0.86
NODE_456306_length_107_cov_207.105263-46	0.93	0.85	0.81	0.77	0.78	0.91	1.00	0.86
NODE_456306_length_107_cov_207.105263-56	0.80	0.89	0.88	0.94	1.00	0.83	0.86	0.80
NODE_456487_length_106_cov_1068.000000-17	0.51	0.84	0.69	0.58	0.61	0.50	0.62	0.56
NODE_456498_length_106_cov_148.200000-62	0.82	0.88	0.84	0.74	0.94	0.84	0.81	0.66
NODE_456498_length_106_cov_148.200000-68	0.82	0.87	0.83	0.73	0.94	0.85	0.74	0.64
NODE_456498_length_106_cov_148.200000-74	0.82	0.87	0.84	0.74	0.94	0.84	0.81	0.66
NODE_457104_length_103_cov_396.625000-49	0.60	0.66	0.73	0.97	0.87	0.70	0.74	0.75
NODE_4573_length_2117_cov_21.538351-1392	0.96	1.00	0.98	0.96	1.00	1.00	1.00	1.00
NODE_4573_length_2117_cov_21.538351-1402	1.00	1.00	0.97	1.00	0.92	1.00	0.92	0.96
NODE_45796_length_1187_cov_123.462803-840	0.72	0.79	0.94	0.80	1.00	0.88	0.89	0.83
NODE_45796_length_1187_cov_123.462803-853	0.92	0.93	0.92	0.79	1.00	0.96	0.98	0.89
NODE_45796_length_1187_cov_123.462803-898	0.53	0.60	0.86	0.61	0.87	0.77	0.56	0.65
NODE_458281_length_98_cov_459.388060-10	0.88	0.94	0.82	0.82	1.00	0.96	0.80	1.00
NODE_459077_length_95_cov_442.937500-18	1.00	1.00	1.00	0.97	0.82	0.93	0.96	0.91
NODE_460234_length_91_cov_358.683333-40	0.71	0.76	0.55	0.61	0.71	0.66	0.58	0.86
NODE_460237_length_91_cov_288.566667-86	1.00	0.95	0.85	0.96	0.94	0.97	0.79	0.88
NODE_460665_length_90_cov_388.542373-37	0.74	0.76	0.85	0.83	1.00	0.81	0.69	0.83
NODE_460972_length_89_cov_106.741379-32	0.50	0.60	0.76	0.59	0.56	0.71	0.54	0.86
NODE_460972_length_89_cov_106.741379-54	0.93	0.98	0.68	0.72	0.87	0.71	0.73	0.69
NODE_460972_length_89_cov_106.741379-56	0.50	0.63	0.53	0.79	0.65	0.65	0.73	0.68
NODE_461231_length_88_cov_518.982456-39	0.95	0.95	0.95	0.78	0.89	0.93	1.00	0.91
NODE_461715_length_87_cov_32.000000-65	0.82	0.76	0.79	0.58	0.94	0.78	0.85	0.90
NODE_461899_length_86_cov_712.236364-57	0.83	0.78	0.63	0.91	0.90	0.96	0.89	0.77
NODE_461899_length_86_cov_712.236364-67	0.83	0.91	1.00	0.84	0.77	0.95	0.83	0.92
NODE_46238_length_1183_cov_54.934028-1138	0.91	0.98	0.96	0.96	0.93	1.00	0.79	1.00
NODE_46238_length_1183_cov_54.934028-1162	0.67	0.93	0.84	0.98	0.86	0.81	0.89	0.86
NODE_462604_length_84_cov_396.867925-16	0.76	0.62	0.55	0.69	0.52	0.57	0.50	0.55
NODE_462604_length_84_cov_396.867925-19	0.94	0.84	1.00	0.85	1.00	0.91	0.88	0.80
NODE_462604_length_84_cov_396.867925-77	0.53	0.58	0.53	0.85	0.78	0.85	0.73	0.65
NODE_462929_length_83_cov_779.384615-28	0.73	0.83	0.69	0.74	0.78	0.73	0.85	1.00
NODE_463719_length_81_cov_604.380000-58	0.69	0.79	0.95	0.95	0.93	0.84	0.89	1.00
NODE_464997_length_78_cov_975.744681-18	0.95	0.90	0.94	1.00	0.81	0.82	0.95	0.91
NODE_464997_length_78_cov_975.744681-41	0.73	0.58	0.92	0.90	0.71	0.79	0.76	0.77
NODE_466362_length_75_cov_509.613636-6	0.90	1.00	0.95	0.79	0.80	0.88	0.85	0.87
NODE_466362_length_75_cov_509.613636-70	0.89	1.00	0.90	0.79	0.80	0.89	0.86	0.88
NODE_467964_length_72_cov_1008.536585-42	0.77	0.96	0.83	0.82	0.85	0.88	0.96	1.00
NODE_467970_length_72_cov_671.219512-62	0.60	0.50	0.63	0.55	0.51	0.52	0.70	0.53
NODE_467985_length_72_cov_314.000000-33	0.82	1.00	0.92	0.71	0.98	0.77	0.90	0.80
NODE_47_length_4035_cov_1206.195554-2745	0.89	0.85	0.80	0.89	0.89	0.73	0.90	0.97
NODE_470310_length_68_cov_373.405405-40	0.83	0.85	0.98	0.92	0.94	0.92	1.00	0.75
NODE_472390_length_65_cov_1300.852941-36	0.64	0.72	0.67	0.90	0.59	0.74	0.67	0.63
NODE_472403_length_65_cov_510.705882-14	0.94	1.00	1.00	1.00	0.80	0.97	0.79	0.95
NODE_472421_length_65_cov_256.205882-32	0.93	0.93	1.00	0.91	0.90	0.77	0.75	0.88
NODE_474191_length_63_cov_605.687500-43	1.00	0.79	0.91	0.84	0.97	0.77	0.87	0.90
NODE_474215_length_63_cov_507.968750-14	1.00	0.88	0.92	0.81	0.96	0.80	0.96	0.91
NODE_474249_length_63_cov_413.593750-10	0.78	0.85	0.82	0.92	0.88	1.00	0.85	0.91
NODE_474251_length_63_cov_410.375000-12	0.86	0.76	0.72	0.73	0.73	0.94	0.64	0.71
NODE_474316_length_63_cov_323.093750-47	0.81	0.89	0.85	0.94	0.71	0.95	0.92	0.59
NODE_474316_length_63_cov_323.093750-48	0.81	0.89	0.85	0.94	0.71	0.95	0.92	0.59
NODE_476717_length_62_cov_176.645161-39	0.67	0.97	0.92	0.92	0.80	0.82	0.76	0.86
NODE_479998_length_60_cov_465.379310-41	0.89	0.96	0.97	0.79	0.98	0.76	0.88	0.93
NODE_481491_length_59_cov_319.428571-27	0.94	1.00	1.00	0.91	0.89	0.95	0.91	0.76
NODE_481491_length_59_cov_319.428571-49	0.94	1.00	0.96	0.82	0.89	0.90	0.78	0.76
NODE_481497_length_59_cov_305.714286-29	1.00	0.77	0.88	1.00	1.00	0.95	0.83	1.00
NODE_483080_length_58_cov_193.962963-27	0.87	0.85	0.71	0.67	0.97	0.55	0.88	0.72
NODE_485755_length_56_cov_279.880000-20	0.53	0.65	0.71	0.61	0.57	0.64	0.90	0.57
NODE_485755_length_56_cov_279.880000-25	0.54	0.71	0.70	0.63	0.61	0.67	0.88	0.69
NODE_48627_length_1163_cov_134.254417-1009	0.70	0.69	0.51	0.70	0.56	0.55	0.81	0.57
NODE_48627_length_1163_cov_134.254417-1029	0.94	1.00	0.95	1.00	0.79	0.90	0.94	1.00
NODE_48768_length_1162_cov_133.190097-870	0.74	1.00	0.97	0.88	0.97	0.90	0.83	0.93
NODE_48768_length_1162_cov_133.190097-917	0.76	0.97	0.82	0.90	0.97	0.89	0.91	1.00
NODE_488655_length_54_cov_723.130435-14	0.94	0.92	1.00	0.92	0.74	0.81	0.93	0.89
NODE_488655_length_54_cov_723.130435-6	0.63	0.92	0.91	0.90	0.82	0.88	0.93	0.89
NODE_490068_length_53_cov_927.454545-36	0.65	0.70	0.73	0.71	0.92	0.80	0.83	0.61
NODE_49560_length_1156_cov_42.603556-1050	1.00	0.88	0.90	0.67	0.89	0.92	0.88	0.95
NODE_49560_length_1156_cov_42.603556-978	0.52	0.79	0.62	0.87	0.80	0.87	0.63	0.84
NODE_501_length_3036_cov_56.151414-1345	1.00	0.88	0.94	0.84	0.88	0.82	0.87	0.95
NODE_501_length_3036_cov_56.151414-1353	0.81	1.00	0.95	0.86	0.92	0.83	0.82	0.93
NODE_501_length_3036_cov_56.151414-1354	0.95	1.00	0.96	0.98	0.94	0.96	0.97	0.96
NODE_501_length_3036_cov_56.151414-1373	1.00	1.00	0.94	1.00	1.00	1.00	1.00	1.00
NODE_501_length_3036_cov_56.151414-1374	1.00	1.00	0.99	0.95	0.99	1.00	0.97	0.98
NODE_501_length_3036_cov_56.151414-1377	0.89	1.00	1.00	0.98	0.96	1.00	0.99	0.98
NODE_501_length_3036_cov_56.151414-1393	1.00	0.93	0.97	0.99	0.95	0.97	0.96	1.00
NODE_510155_length_43_cov_334.833333-18	1.00	0.89	0.86	0.86	0.88	0.79	0.91	0.89
NODE_51214_length_1143_cov_52.917266-155	0.96	0.93	0.93	1.00	0.79	0.93	0.92	0.91
NODE_52026_length_1137_cov_582.274864-743	0.62	0.60	0.63	0.76	0.64	0.71	0.56	0.64
NODE_52026_length_1137_cov_582.274864-788	0.53	0.64	0.60	0.72	0.58	0.68	0.54	0.66
NODE_52026_length_1137_cov_582.274864-799	0.56	0.64	0.59	0.72	0.59	0.70	0.54	0.62
NODE_52026_length_1137_cov_582.274864-827	0.59	0.66	0.57	0.71	0.66	0.83	0.74	0.70
NODE_52026_length_1137_cov_582.274864-842	0.74	0.94	0.77	0.50	0.70	0.61	0.73	0.65
NODE_52026_length_1137_cov_582.274864-848	0.79	0.53	0.71	0.72	0.80	0.94	0.73	0.91
NODE_52712_length_1132_cov_81.786558-42	0.92	1.00	0.79	0.84	0.88	0.96	0.91	0.95
NODE_52712_length_1132_cov_81.786558-65	0.76	0.68	0.52	0.73	0.53	0.50	0.51	0.60
NODE_52712_length_1132_cov_81.786558-71	0.85	1.00	0.77	0.70	0.85	0.96	0.82	0.90
NODE_52712_length_1132_cov_81.786558-79	0.56	0.54	0.71	0.56	0.59	0.58	0.64	0.85
NODE_52712_length_1132_cov_81.786558-93	0.82	0.70	0.77	0.87	0.85	0.67	0.87	0.97
NODE_52831_length_1131_cov_146.070000-70	0.68	0.73	0.65	0.51	0.59	0.75	0.69	0.55
NODE_52831_length_1131_cov_146.070000-76	0.95	0.75	0.97	0.98	0.96	0.88	1.00	0.96
NODE_54593_length_1118_cov_125.362466-1076	0.86	0.81	0.93	0.96	1.00	0.92	0.79	0.96
NODE_5516_length_2045_cov_29.467726-47	0.94	1.00	0.86	0.79	0.87	0.93	0.97	1.00
NODE_5516_length_2045_cov_29.467726-95	0.94	1.00	0.87	0.92	0.89	0.87	0.93	0.71
NODE_55600_length_1111_cov_126.425000-1095	0.95	0.70	0.87	0.65	0.83	0.62	0.71	0.53
NODE_55600_length_1111_cov_126.425000-456	0.72	0.93	0.65	0.79	0.82	0.77	0.91	0.79
NODE_55600_length_1111_cov_126.425000-527	0.94	1.00	0.93	0.88	0.82	0.86	0.84	0.73
NODE_55600_length_1111_cov_126.425000-895	0.95	0.85	1.00	1.00	0.90	0.75	0.98	0.97
NODE_57454_length_1098_cov_271.249297-564	0.76	0.84	0.81	0.70	0.84	0.84	0.63	0.91
NODE_57757_length_1096_cov_96.539906-381	0.72	1.00	0.94	1.00	0.95	1.00	1.00	1.00
NODE_57757_length_1096_cov_96.539906-417	0.83	0.93	0.93	0.71	0.84	0.89	0.67	0.94
NODE_5872_length_2019_cov_89.315392-257	0.79	0.85	0.80	0.88	0.98	0.70	0.90	0.85
NODE_589_length_2958_cov_76.631363-1168	1.00	1.00	1.00	1.00	0.92	1.00	0.95	0.94
NODE_6_length_5590_cov_261.886670-4786	1.00	0.97	1.00	1.00	0.95	1.00	0.97	1.00
NODE_6_length_5590_cov_261.886670-4847	0.94	1.00	1.00	1.00	0.98	1.00	1.00	1.00
NODE_6_length_5590_cov_261.886670-5152	0.95	0.71	0.76	0.62	0.80	0.78	0.85	0.79
NODE_6_length_5590_cov_261.886670-5185	0.98	1.00	0.98	0.98	1.00	1.00	1.00	0.97
NODE_6_length_5590_cov_261.886670-5193	0.97	1.00	0.93	1.00	0.93	0.95	0.98	0.90
NODE_6_length_5590_cov_261.886670-5201	0.97	1.00	1.00	1.00	1.00	0.97	1.00	1.00
NODE_6_length_5590_cov_261.886670-5227	0.99	0.98	1.00	1.00	0.95	0.97	0.97	0.98
NODE_601_length_2949_cov_20.793694-95	1.00	1.00	1.00	1.00	0.98	0.99	0.99	1.00
NODE_610_length_2942_cov_80.358983-1792	0.66	0.82	0.82	0.88	0.81	0.95	0.92	0.94
NODE_610_length_2942_cov_80.358983-1854	0.76	0.89	1.00	0.84	0.90	0.90	0.96	0.84
NODE_610_length_2942_cov_80.358983-1886	0.88	1.00	0.74	0.92	0.88	0.87	0.80	0.82
NODE_610_length_2942_cov_80.358983-1927	1.00	1.00	1.00	1.00	1.00	1.00	1.00	0.88
NODE_610_length_2942_cov_80.358983-1933	0.82	0.88	0.94	0.84	0.90	0.89	0.97	0.76
NODE_610_length_2942_cov_80.358983-1939	0.94	0.88	1.00	1.00	0.95	1.00	0.97	1.00
NODE_610_length_2942_cov_80.358983-1942	1.00	1.00	1.00	1.00	1.00	1.00	0.96	0.88
NODE_61463_length_1072_cov_158.345821-122	0.58	0.50	0.56	0.56	0.70	0.59	0.71	0.63
NODE_628_length_2931_cov_140.903448-1207	0.94	0.71	0.85	0.86	0.69	0.67	0.75	0.74
NODE_628_length_2931_cov_140.903448-1225	0.82	0.59	0.72	0.67	0.51	0.67	0.58	0.63
NODE_628_length_2931_cov_140.903448-1267	0.87	0.72	0.86	0.87	0.73	0.66	0.75	0.78
NODE_63731_length_1058_cov_70.554041-89	0.68	0.90	0.53	0.85	0.69	0.78	0.78	0.69
NODE_64242_length_1055_cov_181.737305-500	1.00	0.94	0.95	0.97	1.00	0.82	0.90	0.75
NODE_6441_length_1980_cov_196.947152-36	0.79	0.98	1.00	1.00	0.99	0.92	1.00	0.97
NODE_6441_length_1980_cov_196.947152-45	1.00	0.86	0.88	0.89	0.94	0.95	0.78	0.93
NODE_653_length_2916_cov_124.108146-571	0.70	0.79	0.50	0.65	0.55	0.58	0.79	0.71
NODE_653_length_2916_cov_124.108146-579	0.50	0.69	0.59	0.57	0.62	0.55	0.73	0.74
NODE_653_length_2916_cov_124.108146-597	0.94	0.95	1.00	1.00	1.00	1.00	0.95	1.00
NODE_659_length_2911_cov_92.477431-2312	1.00	0.93	0.80	0.89	0.86	0.84	0.85	0.75
NODE_66124_length_1044_cov_42.218164-1010	0.93	0.87	0.91	0.83	0.90	0.84	0.95	0.68
NODE_66124_length_1044_cov_42.218164-978	0.93	0.89	0.92	0.86	0.92	0.84	0.96	0.70
NODE_66124_length_1044_cov_42.218164-982	0.60	0.83	0.88	0.81	0.89	0.87	0.78	0.91
NODE_66124_length_1044_cov_42.218164-995	1.00	0.89	0.92	0.84	0.76	0.87	0.91	0.96
NODE_662_length_2909_cov_34.014246-2832	0.95	0.97	1.00	1.00	0.96	1.00	1.00	0.95
NODE_662_length_2909_cov_34.014246-2846	1.00	0.83	0.89	0.93	0.94	1.00	0.97	0.88
NODE_662_length_2909_cov_34.014246-2849	0.67	0.83	0.89	0.79	0.76	0.84	0.92	0.95
NODE_66468_length_1042_cov_87.272997-821	0.68	0.56	0.76	0.54	0.86	0.67	0.68	0.52
NODE_67469_length_1036_cov_114.273632-867	0.64	0.93	0.97	1.00	0.93	0.89	0.96	0.94
NODE_675_length_2904_cov_23.229029-1716	0.98	0.98	0.98	0.93	0.84	0.92	0.86	0.93
NODE_675_length_2904_cov_23.229029-1717	0.94	0.96	1.00	1.00	1.00	0.94	0.97	0.97
NODE_675_length_2904_cov_23.229029-1727	0.93	0.97	0.94	0.85	0.89	0.95	0.94	0.94
NODE_675_length_2904_cov_23.229029-1744	1.00	0.96	0.93	1.00	1.00	1.00	0.93	0.97
NODE_675_length_2904_cov_23.229029-1747	0.96	0.97	1.00	1.00	1.00	0.99	0.98	0.85
NODE_675_length_2904_cov_23.229029-1760	1.00	0.97	1.00	1.00	1.00	1.00	0.98	0.97
NODE_6769_length_1959_cov_376.187759-627	0.57	0.80	0.51	0.59	0.53	0.87	0.55	0.70
NODE_6769_length_1959_cov_376.187759-669	0.78	0.69	0.75	0.94	0.84	0.70	0.75	0.62
NODE_67816_length_1034_cov_83.686939-196	0.51	0.61	0.65	0.65	0.68	0.50	0.54	0.53
NODE_67979_length_1033_cov_40.175649-83	0.86	0.76	0.88	0.74	0.79	0.69	0.96	0.85
NODE_6934_length_1949_cov_204.833681-120	0.98	0.79	0.91	0.96	0.94	0.92	0.96	0.68
NODE_6934_length_1949_cov_204.833681-153	0.98	0.93	0.96	0.77	0.90	1.00	0.97	0.94
NODE_6934_length_1949_cov_204.833681-39	0.98	0.79	0.90	0.96	0.93	0.86	0.95	0.61
NODE_696_length_2891_cov_241.974476-2599	0.88	0.94	0.89	0.91	0.95	0.94	0.91	1.00
NODE_696_length_2891_cov_241.974476-2610	0.87	0.94	0.92	0.91	0.95	0.94	0.91	1.00
NODE_696_length_2891_cov_241.974476-2634	0.87	0.94	0.92	0.90	0.95	0.95	0.91	1.00
NODE_696_length_2891_cov_241.974476-2640	0.87	0.94	0.92	0.91	0.95	0.96	0.91	1.00
NODE_69875_length_1023_cov_285.383065-388	0.58	0.65	0.71	0.80	0.94	0.69	0.79	0.53
NODE_69875_length_1023_cov_285.383065-903	0.82	0.64	0.75	0.65	0.88	0.72	0.70	0.56
NODE_70033_length_1022_cov_207.583249-172	1.00	0.87	0.79	0.76	0.86	1.00	0.91	0.85
NODE_702_length_2883_cov_154.901823-1062	0.87	1.00	1.00	0.83	1.00	0.96	1.00	0.89
NODE_702_length_2883_cov_154.901823-1072	0.80	0.68	0.50	0.83	0.74	0.76	0.74	0.68
NODE_70584_length_1019_cov_35.831984-949	0.93	0.84	1.00	0.91	0.88	0.88	0.79	0.90
NODE_70780_length_1018_cov_96.195542-837	0.92	0.84	0.86	0.51	0.88	0.87	0.80	0.88
NODE_70780_length_1018_cov_96.195542-864	0.92	0.83	0.86	0.55	0.91	0.89	0.79	0.84
NODE_70780_length_1018_cov_96.195542-878	0.76	0.71	0.67	0.61	0.71	0.70	0.60	0.55
NODE_70780_length_1018_cov_96.195542-925	0.89	0.90	0.88	0.53	0.89	0.87	0.78	0.85
NODE_7093_length_1940_cov_171.897328-388	0.85	0.90	0.93	0.83	0.78	0.91	1.00	0.89
NODE_72_length_3873_cov_70.374545-1406	1.00	1.00	1.00	0.97	1.00	0.96	0.90	0.96
NODE_72_length_3873_cov_70.374545-1475	0.59	0.60	0.52	0.59	0.81	0.79	0.63	0.59
NODE_72_length_3873_cov_70.374545-1518	0.52	0.75	0.84	0.54	0.56	0.63	0.69	0.76
NODE_72_length_3873_cov_70.374545-1522	1.00	1.00	1.00	0.97	1.00	1.00	1.00	0.96
NODE_72217_length_1010_cov_35.975485-12	0.91	0.66	1.00	0.89	0.91	0.89	0.87	0.97
NODE_72217_length_1010_cov_35.975485-42	0.83	0.67	0.96	0.90	0.89	0.85	0.85	0.97
NODE_72755_length_1007_cov_311.693648-911	0.78	0.66	0.88	0.95	0.94	0.88	0.91	0.90
NODE_73_length_3858_cov_109.643585-74	1.00	1.00	1.00	0.97	0.96	1.00	1.00	1.00
NODE_740_length_2860_cov_200.414634-1172	1.00	1.00	1.00	1.00	1.00	1.00	0.91	1.00
NODE_740_length_2860_cov_200.414634-1196	1.00	1.00	0.94	0.94	0.85	0.97	0.86	0.98
NODE_740_length_2860_cov_200.414634-1317	1.00	0.96	1.00	1.00	0.98	0.97	1.00	1.00
NODE_740_length_2860_cov_200.414634-1344	1.00	1.00	1.00	1.00	0.98	0.97	1.00	1.00
NODE_740_length_2860_cov_200.414634-1451	0.96	1.00	1.00	1.00	0.98	1.00	1.00	0.99
NODE_740_length_2860_cov_200.414634-1464	1.00	1.00	1.00	0.98	1.00	0.98	1.00	1.00
NODE_740_length_2860_cov_200.414634-1569	0.96	0.92	0.93	0.95	0.95	0.97	0.96	0.98
NODE_7420_length_1919_cov_50.586335-1542	0.61	0.57	0.50	0.61	0.72	0.80	0.75	0.61
NODE_7420_length_1919_cov_50.586335-1557	0.85	1.00	0.80	0.85	0.89	0.95	1.00	0.85
NODE_7420_length_1919_cov_50.586335-1569	0.96	0.80	0.81	0.83	0.96	0.90	0.86	0.69
NODE_7420_length_1919_cov_50.586335-1588	0.88	1.00	0.75	0.90	0.89	0.95	1.00	0.85
NODE_7420_length_1919_cov_50.586335-1608	1.00	0.80	0.82	0.85	0.92	0.90	0.86	0.70
NODE_7420_length_1919_cov_50.586335-1692	0.90	0.98	0.95	0.79	1.00	0.83	0.80	0.89
NODE_7420_length_1919_cov_50.586335-1701	0.92	0.97	0.95	0.78	1.00	0.85	0.79	0.89
NODE_7420_length_1919_cov_50.586335-1728	1.00	0.95	0.88	0.86	0.95	0.79	0.88	0.90
NODE_75444_length_993_cov_170.599792-269	0.68	0.50	0.64	0.86	0.58	0.53	0.86	0.58
NODE_755_length_2852_cov_52.795817-1205	1.00	0.79	1.00	1.00	1.00	0.97	1.00	1.00
NODE_755_length_2852_cov_52.795817-1210	1.00	1.00	1.00	0.96	0.96	0.93	1.00	1.00
NODE_776_length_2841_cov_29.500712-554	1.00	1.00	0.98	0.97	1.00	1.00	1.00	1.00
NODE_776_length_2841_cov_29.500712-569	0.95	0.96	0.94	0.84	0.98	0.94	0.94	0.94
NODE_776_length_2841_cov_29.500712-574	0.91	0.90	0.96	0.92	0.93	0.95	0.78	1.00
NODE_78170_length_979_cov_184.377637-662	0.67	0.64	0.80	0.89	0.73	0.60	0.59	0.61
NODE_78172_length_979_cov_114.707806-242	1.00	0.77	0.87	0.90	0.90	1.00	0.92	0.81
NODE_78172_length_979_cov_114.707806-282	0.56	0.97	0.85	0.60	0.80	0.61	0.78	0.70
NODE_78358_length_978_cov_87.459345-109	0.85	0.63	0.82	0.73	0.79	0.68	0.94	0.72
NODE_793_length_2833_cov_55.631692-2534	0.72	0.73	0.60	0.92	0.53	0.82	0.78	0.74
NODE_793_length_2833_cov_55.631692-2567	1.00	0.91	1.00	0.98	1.00	1.00	0.99	1.00
NODE_793_length_2833_cov_55.631692-2573	0.63	0.68	0.51	0.61	0.56	0.79	0.52	0.62
NODE_793_length_2833_cov_55.631692-2609	0.94	1.00	0.86	0.90	0.96	1.00	0.90	0.93
NODE_793_length_2833_cov_55.631692-2614	0.97	1.00	1.00	1.00	0.85	1.00	0.98	0.96
NODE_793_length_2833_cov_55.631692-2740	0.94	1.00	0.97	0.94	0.94	0.84	0.95	1.00
NODE_81386_length_963_cov_494.452790-369	0.96	0.97	0.95	0.68	0.98	1.00	0.93	0.89
NODE_81386_length_963_cov_494.452790-400	0.76	0.86	0.68	0.55	0.93	0.71	0.70	0.70
NODE_81786_length_961_cov_50.702151-798	0.72	0.57	0.79	0.69	0.62	0.89	0.71	0.58
NODE_83048_length_955_cov_114.675325-199	0.85	0.81	1.00	0.81	0.88	0.82	0.77	0.85
NODE_8775_length_1850_cov_71.216603-1071	0.93	0.94	0.93	0.81	0.79	0.78	0.90	0.63
NODE_89090_length_928_cov_203.789298-554	0.87	0.67	0.87	0.87	0.89	0.79	0.96	0.85
NODE_8950_length_1841_cov_67.012707-884	0.67	0.66	0.73	0.93	0.86	0.76	0.62	0.77
NODE_90490_length_922_cov_147.455668-745	1.00	0.86	0.80	0.78	0.76	0.98	0.82	0.73
NODE_90752_length_921_cov_60.030337-849	0.72	0.68	0.86	0.97	0.81	0.94	0.81	0.76
NODE_91479_length_918_cov_254.896280-385	0.94	1.00	1.00	1.00	1.00	0.94	0.81	1.00
NODE_91479_length_918_cov_254.896280-407	0.78	0.88	0.69	0.83	0.54	0.56	0.54	0.68
NODE_9239_length_1829_cov_138.664627-1062	0.55	0.79	0.75	0.59	0.64	0.75	0.63	0.61
NODE_9275_length_1828_cov_147.340011-55	0.68	0.98	0.77	0.96	0.84	0.88	0.67	0.73
NODE_9275_length_1828_cov_147.340011-57	0.78	1.00	0.94	0.97	0.93	0.92	0.74	0.84
NODE_929_length_2764_cov_50.362605-2191	0.82	0.59	0.83	0.81	0.80	0.65	0.70	0.93
NODE_9296_length_1827_cov_46.468263-102	0.95	1.00	0.96	0.91	0.94	0.78	0.92	0.91
NODE_941_length_2759_cov_87.776393-2617	0.88	0.60	0.74	0.79	0.63	0.90	0.55	0.53
NODE_941_length_2759_cov_87.776393-2621	1.00	1.00	0.96	1.00	1.00	1.00	1.00	0.87
NODE_941_length_2759_cov_87.776393-2642	1.00	1.00	0.96	1.00	1.00	1.00	1.00	0.88
NODE_941_length_2759_cov_87.776393-2681	0.88	0.94	0.91	0.86	0.91	1.00	0.86	0.63
NODE_941_length_2759_cov_87.776393-2720	1.00	1.00	0.95	1.00	0.97	1.00	1.00	0.94
NODE_944_length_2758_cov_32.351302-1941	1.00	1.00	0.98	0.99	0.98	0.94	1.00	1.00
NODE_944_length_2758_cov_32.351302-1992	0.92	0.90	0.94	0.96	0.93	0.95	0.97	0.87
NODE_944_length_2758_cov_32.351302-1999	0.92	0.96	1.00	0.98	1.00	0.95	1.00	1.00
NODE_944_length_2758_cov_32.351302-2019	0.94	0.89	0.96	0.95	0.94	1.00	1.00	0.95
NODE_944_length_2758_cov_32.351302-2026	0.97	1.00	1.00	1.00	0.96	1.00	0.98	0.94
NODE_95237_length_903_cov_76.824541-768	0.78	0.90	1.00	0.97	0.90	0.90	0.93	0.87
NODE_99342_length_887_cov_285.155374-283	1.00	0.93	0.89	0.89	0.88	0.81	0.78	0.90
NODE_99342_length_887_cov_285.155374-660	0.83	0.50	0.66	0.76	0.76	0.51	0.59	0.64
NODE_99342_length_887_cov_285.155374-689	0.98	0.70	0.88	0.88	0.90	0.94	0.85	0.92
